millis,type,message
1324449792,INFO,0059_SYS.csv created
1324450125,WARN,Disabling IridiumMessageSender transmissions
1324451383,INFO,Completed analysis m: 368 t: 0 e: 16
1324451407,INFO,Enabling IridiumMessageSender transmissions
1324500707,INFO,Starting analysis m: 368 t: 0 e: 17
1324500989,WARN,Disabling IridiumMessageSender transmissions
1324502294,INFO,Completed analysis m: 368 t: 0 e: 17
1324502319,INFO,Enabling IridiumMessageSender transmissions
1324551854,INFO,Starting analysis m: 368 t: 0 e: 18
1324552140,WARN,Disabling IridiumMessageSender transmissions
1324553584,INFO,Completed analysis m: 368 t: 0 e: 18
1324553611,INFO,Enabling IridiumMessageSender transmissions
1324566046,INFO,powerData | solV: 0.00
1324566069,INFO,powerData | solI: 0.00
1324566089,INFO,powerData | battV: 4.11
1324566112,INFO,powerData | battI: -0.06
1324566134,INFO,powerData | busV: 4.10
1324566159,INFO,powerData | busI: 0.05
1324566183,INFO,powerData | BQ status reg: 0
1324566204,INFO,powerData | Fault reg: 0
1324566231,INFO,powerData | Charge status: 0
1324566251,INFO,powerData | DPM status: 0
1324602996,INFO,Starting analysis m: 368 t: 0 e: 19
1324603279,WARN,Disabling IridiumMessageSender transmissions
1324604542,INFO,Completed analysis m: 368 t: 0 e: 19
1324604567,INFO,Enabling IridiumMessageSender transmissions
1324654145,INFO,Starting analysis m: 368 t: 0 e: 20
1324654434,WARN,Disabling IridiumMessageSender transmissions
1324655779,INFO,Completed analysis m: 368 t: 0 e: 20
1324655804,INFO,Enabling IridiumMessageSender transmissions
1324705304,INFO,Starting analysis m: 368 t: 0 e: 21
1324705624,WARN,Disabling IridiumMessageSender transmissions
1324706934,INFO,Completed analysis m: 368 t: 0 e: 21
1324706959,INFO,Enabling IridiumMessageSender transmissions
1324756453,INFO,Starting analysis m: 368 t: 0 e: 22
1324756746,WARN,Disabling IridiumMessageSender transmissions
1324758036,INFO,Completed analysis m: 368 t: 0 e: 22
1324758061,INFO,Enabling IridiumMessageSender transmissions
1324807598,INFO,Starting analysis m: 368 t: 0 e: 23
1324807884,WARN,Disabling IridiumMessageSender transmissions
1324809197,INFO,Completed analysis m: 368 t: 0 e: 23
1324809222,INFO,Enabling IridiumMessageSender transmissions
1324858738,INFO,Starting analysis m: 368 t: 0 e: 24
1324859029,WARN,Disabling IridiumMessageSender transmissions
1324860327,INFO,Completed analysis m: 368 t: 0 e: 24
1324860354,INFO,Enabling IridiumMessageSender transmissions
1324866056,INFO,powerData | solV: 0.00
1324866078,INFO,powerData | solI: 0.00
1324866105,INFO,powerData | battV: 4.11
1324866125,INFO,powerData | battI: -0.07
1324866148,INFO,powerData | busV: 4.10
1324866170,INFO,powerData | busI: 0.06
1324866191,INFO,powerData | BQ status reg: 0
1324866213,INFO,powerData | Fault reg: 0
1324866236,INFO,powerData | Charge status: 0
1324866260,INFO,powerData | DPM status: 0
1324909889,INFO,Starting analysis m: 368 t: 0 e: 25
1324910172,WARN,Disabling IridiumMessageSender transmissions
1324911476,INFO,Completed analysis m: 368 t: 0 e: 25
1324911505,INFO,Enabling IridiumMessageSender transmissions
1324961038,INFO,Starting analysis m: 368 t: 0 e: 26
1324961329,WARN,Disabling IridiumMessageSender transmissions
1324962623,INFO,Completed analysis m: 368 t: 0 e: 26
1324962648,INFO,Enabling IridiumMessageSender transmissions
1325012185,INFO,Starting analysis m: 368 t: 0 e: 27
1325012465,WARN,Disabling IridiumMessageSender transmissions
1325013776,INFO,Completed analysis m: 368 t: 0 e: 27
1325013805,INFO,Enabling IridiumMessageSender transmissions
1325063337,INFO,Starting analysis m: 368 t: 0 e: 28
1325063628,WARN,Disabling IridiumMessageSender transmissions
1325064935,INFO,Completed analysis m: 368 t: 0 e: 28
1325064960,INFO,Enabling IridiumMessageSender transmissions
1325114472,INFO,Starting analysis m: 368 t: 0 e: 29
1325114753,WARN,Disabling IridiumMessageSender transmissions
1325116098,INFO,Completed analysis m: 368 t: 0 e: 29
1325116123,INFO,Enabling IridiumMessageSender transmissions
1325165633,INFO,Starting analysis m: 368 t: 0 e: 30
1325165920,WARN,Disabling IridiumMessageSender transmissions
1325166786,INFO,powerData | solV: 0.00
1325166809,INFO,powerData | solI: 0.00
1325166831,INFO,powerData | battV: 4.11
1325166852,INFO,powerData | battI: -0.06
1325166874,INFO,powerData | busV: 4.10
1325166895,INFO,powerData | busI: 0.05
1325166915,INFO,powerData | BQ status reg: 0
1325166938,INFO,powerData | Fault reg: 0
1325166958,INFO,powerData | Charge status: 0
1325166981,INFO,powerData | DPM status: 0
1325167634,INFO,Completed analysis m: 368 t: 0 e: 30
1325167663,INFO,Enabling IridiumMessageSender transmissions
1325216788,INFO,Starting analysis m: 368 t: 0 e: 31
1325217089,WARN,Disabling IridiumMessageSender transmissions
1325218381,INFO,Completed analysis m: 368 t: 0 e: 31
1325218406,INFO,Enabling IridiumMessageSender transmissions
1325267912,INFO,Starting analysis m: 368 t: 0 e: 32
1325268195,WARN,Disabling IridiumMessageSender transmissions
1325269450,INFO,Completed analysis m: 368 t: 0 e: 32
1325269475,INFO,Processing stats m: 368 t: 0 e: 33
1325275795,INFO,Enabling IridiumMessageSender transmissions
1325327403,INFO,Starting collection m: 368 t: 1 at 1648973191.20
1325429354,INFO,Starting analysis m: 368 t: 1 e: 0
1325429637,WARN,Disabling IridiumMessageSender transmissions
1325430697,INFO,Completed analysis m: 368 t: 1 e: 0
1325430722,INFO,Enabling IridiumMessageSender transmissions
1325466791,INFO,powerData | solV: 0.00
1325466816,INFO,powerData | solI: 0.00
1325466843,INFO,powerData | battV: 4.11
1325466869,INFO,powerData | battI: -0.06
1325466892,INFO,powerData | busV: 4.10
1325466912,INFO,powerData | busI: 0.05
1325466935,INFO,powerData | BQ status reg: 0
1325466955,INFO,powerData | Fault reg: 0
1325466978,INFO,powerData | Charge status: 0
1325466998,INFO,powerData | DPM status: 0
1325480495,INFO,Starting analysis m: 368 t: 1 e: 1
1325480785,WARN,Disabling IridiumMessageSender transmissions
1325482090,INFO,Completed analysis m: 368 t: 1 e: 1
1325482115,INFO,Enabling IridiumMessageSender transmissions
1325511421,INFO,Max CNO changed from 47 to 50
1325531641,INFO,Starting analysis m: 368 t: 1 e: 2
1325531924,WARN,Disabling IridiumMessageSender transmissions
1325533233,INFO,Completed analysis m: 368 t: 1 e: 2
1325533257,INFO,Enabling IridiumMessageSender transmissions
1325551378,INFO,Max CNO changed from 50 to 47
1325582796,INFO,Starting analysis m: 368 t: 1 e: 3
1325583089,WARN,Disabling IridiumMessageSender transmissions
1325584379,INFO,Completed analysis m: 368 t: 1 e: 3
1325584408,INFO,Enabling IridiumMessageSender transmissions
1325633945,INFO,Starting analysis m: 368 t: 1 e: 4
1325634228,WARN,Disabling IridiumMessageSender transmissions
1325635536,INFO,Completed analysis m: 368 t: 1 e: 4
1325635561,INFO,Enabling IridiumMessageSender transmissions
1325685090,INFO,Starting analysis m: 368 t: 1 e: 5
1325685372,WARN,Disabling IridiumMessageSender transmissions
1325686673,INFO,Completed analysis m: 368 t: 1 e: 5
1325686697,INFO,Enabling IridiumMessageSender transmissions
1325736226,INFO,Starting analysis m: 368 t: 1 e: 6
1325736519,WARN,Disabling IridiumMessageSender transmissions
1325737863,INFO,Completed analysis m: 368 t: 1 e: 6
1325737887,INFO,Enabling IridiumMessageSender transmissions
1325766799,INFO,powerData | solV: 0.00
1325766821,INFO,powerData | solI: 0.00
1325766844,INFO,powerData | battV: 4.11
1325766864,INFO,powerData | battI: -0.06
1325766885,INFO,powerData | busV: 4.10
1325766909,INFO,powerData | busI: 0.05
1325766934,INFO,powerData | BQ status reg: 0
1325766961,INFO,powerData | Fault reg: 0
1325766983,INFO,powerData | Charge status: 0
1325767004,INFO,powerData | DPM status: 0
1325787400,INFO,Starting analysis m: 368 t: 1 e: 7
1325787725,WARN,Disabling IridiumMessageSender transmissions
1325789026,INFO,Completed analysis m: 368 t: 1 e: 7
1325789052,INFO,Enabling IridiumMessageSender transmissions
1325838532,INFO,Starting analysis m: 368 t: 1 e: 8
1325838823,WARN,Disabling IridiumMessageSender transmissions
1325840113,INFO,Completed analysis m: 368 t: 1 e: 8
1325840142,INFO,Enabling IridiumMessageSender transmissions
1325889683,INFO,Starting analysis m: 368 t: 1 e: 9
1325890056,WARN,Disabling IridiumMessageSender transmissions
1325891540,INFO,Completed analysis m: 368 t: 1 e: 9
1325891565,INFO,Enabling IridiumMessageSender transmissions
1325940819,INFO,Starting analysis m: 368 t: 1 e: 10
1325941100,WARN,Disabling IridiumMessageSender transmissions
1325942415,INFO,Completed analysis m: 368 t: 1 e: 10
1325942439,INFO,Enabling IridiumMessageSender transmissions
1325991974,INFO,Starting analysis m: 368 t: 1 e: 11
1325992265,WARN,Disabling IridiumMessageSender transmissions
1325993560,INFO,Completed analysis m: 368 t: 1 e: 11
1325993584,INFO,Enabling IridiumMessageSender transmissions
1326010906,INFO,Max CNO changed from 47 to 50
1326043123,INFO,Starting analysis m: 368 t: 1 e: 12
1326043404,WARN,Disabling IridiumMessageSender transmissions
1326044706,INFO,Completed analysis m: 368 t: 1 e: 12
1326044731,INFO,Enabling IridiumMessageSender transmissions
1326066808,INFO,powerData | solV: 0.00
1326066831,INFO,powerData | solI: 0.00
1326066853,INFO,powerData | battV: 4.10
1326066874,INFO,powerData | battI: -0.07
1326066896,INFO,powerData | busV: 4.10
1326066917,INFO,powerData | busI: 0.06
1326066939,INFO,powerData | BQ status reg: 0
1326066960,INFO,powerData | Fault reg: 0
1326066982,INFO,powerData | Charge status: 0
1326067007,INFO,powerData | DPM status: 0
1326090823,INFO,Max CNO changed from 50 to 47
1326094276,INFO,Starting analysis m: 368 t: 1 e: 13
1326094575,WARN,Disabling IridiumMessageSender transmissions
1326095865,INFO,Completed analysis m: 368 t: 1 e: 13
1326095890,INFO,Enabling IridiumMessageSender transmissions
1326145402,INFO,Starting analysis m: 368 t: 1 e: 14
1326145685,WARN,Disabling IridiumMessageSender transmissions
1326147020,INFO,Completed analysis m: 368 t: 1 e: 14
1326147047,INFO,Enabling IridiumMessageSender transmissions
1326196553,INFO,Starting analysis m: 368 t: 1 e: 15
1326196836,WARN,Disabling IridiumMessageSender transmissions
1326198190,INFO,Completed analysis m: 368 t: 1 e: 15
1326198214,INFO,Enabling IridiumMessageSender transmissions
1326247710,INFO,Starting analysis m: 368 t: 1 e: 16
1326248001,WARN,Disabling IridiumMessageSender transmissions
1326249353,INFO,Completed analysis m: 368 t: 1 e: 16
1326249377,INFO,Enabling IridiumMessageSender transmissions
1326298869,INFO,Starting analysis m: 368 t: 1 e: 17
1326299160,WARN,Disabling IridiumMessageSender transmissions
1326300459,INFO,Completed analysis m: 368 t: 1 e: 17
1326300489,INFO,Enabling IridiumMessageSender transmissions
1326350006,INFO,Starting analysis m: 368 t: 1 e: 18
1326350299,WARN,Disabling IridiumMessageSender transmissions
1326351732,INFO,Completed analysis m: 368 t: 1 e: 18
1326351759,INFO,Enabling IridiumMessageSender transmissions
1326366814,INFO,powerData | solV: 0.00
1326366836,INFO,powerData | solI: 0.00
1326366859,INFO,powerData | battV: 4.11
1326366879,INFO,powerData | battI: -0.06
1326366902,INFO,powerData | busV: 4.10
1326366926,INFO,powerData | busI: 0.05
1326366949,INFO,powerData | BQ status reg: 0
1326366969,INFO,powerData | Fault reg: 0
1326366992,INFO,powerData | Charge status: 0
1326367012,INFO,powerData | DPM status: 0
1326401153,INFO,Starting analysis m: 368 t: 1 e: 19
1326401435,WARN,Disabling IridiumMessageSender transmissions
1326402772,INFO,Completed analysis m: 368 t: 1 e: 19
1326402797,INFO,Enabling IridiumMessageSender transmissions
1326452297,INFO,Starting analysis m: 368 t: 1 e: 20
1326452592,WARN,Disabling IridiumMessageSender transmissions
1326453884,INFO,Completed analysis m: 368 t: 1 e: 20
1326453911,INFO,Enabling IridiumMessageSender transmissions
1326503440,INFO,Starting analysis m: 368 t: 1 e: 21
1326503723,WARN,Disabling IridiumMessageSender transmissions
1326505031,INFO,Completed analysis m: 368 t: 1 e: 21
1326505056,INFO,Enabling IridiumMessageSender transmissions
1326554597,INFO,Starting analysis m: 368 t: 1 e: 22
1326554890,WARN,Disabling IridiumMessageSender transmissions
1326556188,INFO,Completed analysis m: 368 t: 1 e: 22
1326556213,INFO,Enabling IridiumMessageSender transmissions
1326605740,INFO,Starting analysis m: 368 t: 1 e: 23
1326606022,WARN,Disabling IridiumMessageSender transmissions
1326607327,INFO,Completed analysis m: 368 t: 1 e: 23
1326607353,INFO,Enabling IridiumMessageSender transmissions
1326656894,INFO,Starting analysis m: 368 t: 1 e: 24
1326657175,WARN,Disabling IridiumMessageSender transmissions
1326658490,INFO,Completed analysis m: 368 t: 1 e: 24
1326658519,INFO,Enabling IridiumMessageSender transmissions
1326666815,INFO,powerData | solV: 0.00
1326666840,INFO,powerData | solI: 0.00
1326666860,INFO,powerData | battV: 4.10
1326666883,INFO,powerData | battI: -0.06
1326666903,INFO,powerData | busV: 4.10
1326666926,INFO,powerData | busI: 0.06
1326666946,INFO,powerData | BQ status reg: 0
1326666969,INFO,powerData | Fault reg: 0
1326666989,INFO,powerData | Charge status: 0
1326667012,INFO,powerData | DPM status: 0
1326708035,INFO,Starting analysis m: 368 t: 1 e: 25
1326708320,WARN,Disabling IridiumMessageSender transmissions
1326709663,INFO,Completed analysis m: 368 t: 1 e: 25
1326709688,INFO,Enabling IridiumMessageSender transmissions
1326759174,INFO,Starting analysis m: 368 t: 1 e: 26
1326759495,WARN,Disabling IridiumMessageSender transmissions
1326760808,INFO,Completed analysis m: 368 t: 1 e: 26
1326760833,INFO,Enabling IridiumMessageSender transmissions
1326810329,INFO,Starting analysis m: 368 t: 1 e: 27
1326810626,WARN,Disabling IridiumMessageSender transmissions
1326811930,INFO,Completed analysis m: 368 t: 1 e: 27
1326811957,INFO,Enabling IridiumMessageSender transmissions
1326861477,INFO,Starting analysis m: 368 t: 1 e: 28
1326861758,WARN,Disabling IridiumMessageSender transmissions
1326863069,INFO,Completed analysis m: 368 t: 1 e: 28
1326863093,INFO,Enabling IridiumMessageSender transmissions
1326912616,INFO,Starting analysis m: 368 t: 1 e: 29
1326912899,WARN,Disabling IridiumMessageSender transmissions
1326914213,INFO,Completed analysis m: 368 t: 1 e: 29
1326914240,INFO,Enabling IridiumMessageSender transmissions
1326963761,INFO,Starting analysis m: 368 t: 1 e: 30
1326964051,WARN,Disabling IridiumMessageSender transmissions
1326965430,INFO,Completed analysis m: 368 t: 1 e: 30
1326965454,INFO,Enabling IridiumMessageSender transmissions
1326966820,INFO,powerData | solV: 0.00
1326966843,INFO,powerData | solI: 0.00
1326966865,INFO,powerData | battV: 4.10
1326966890,INFO,powerData | battI: -0.05
1326966919,INFO,powerData | busV: 4.10
1326966939,INFO,powerData | busI: 0.05
1326966962,INFO,powerData | BQ status reg: 0
1326966982,INFO,powerData | Fault reg: 0
1326967005,INFO,powerData | Charge status: 0
1326967027,INFO,powerData | DPM status: 0
1327014922,INFO,Starting analysis m: 368 t: 1 e: 31
1327015204,WARN,Disabling IridiumMessageSender transmissions
1327016507,INFO,Completed analysis m: 368 t: 1 e: 31
1327016531,INFO,Enabling IridiumMessageSender transmissions
1327066056,INFO,Starting analysis m: 368 t: 1 e: 32
1327066351,WARN,Disabling IridiumMessageSender transmissions
1327067654,INFO,Completed analysis m: 368 t: 1 e: 32
1327067678,INFO,Processing stats m: 368 t: 1 e: 33
1327073880,INFO,Finished collection for m: 368 in 1748
1327073906,INFO,Submitting 48 byte / 378 bit message: 
1327073961,DEBUG,m 225 sub to Q at i 0 count: 225
1327073988,DEBUG,1 msgs in Q
1327074037,INFO,Enabling IridiumMessageSender transmissions
1327074072,DEBUG,Sending Q index: 0 id: 225
1327083776,INFO,Send complete: Q index: 0 count_id 225
1327125540,INFO,Starting collection m: 369 t: 0 at 1648974991.20
1327144249,INFO,Submitting 19 byte / 150 bit SMC message: 
1327144292,DEBUG,m 226 sub to Q at i 0 count: 226
1327144321,DEBUG,1 msgs in Q
1327144474,DEBUG,Sending Q index: 0 id: 226
1327152408,INFO,Send complete: Q index: 0 count_id 226
1327227488,INFO,Starting analysis m: 369 t: 0 e: 0
1327227768,WARN,Disabling IridiumMessageSender transmissions
1327228831,INFO,Completed analysis m: 369 t: 0 e: 0
1327228860,INFO,Enabling IridiumMessageSender transmissions
1327266826,INFO,powerData | solV: 0.00
1327266848,INFO,powerData | solI: 0.00
1327266871,INFO,powerData | battV: 4.10
1327266891,INFO,powerData | battI: -0.05
1327266914,INFO,powerData | busV: 4.10
1327266934,INFO,powerData | busI: 0.05
1327266959,INFO,powerData | BQ status reg: 0
1327266983,INFO,powerData | Fault reg: 0
1327267006,INFO,powerData | Charge status: 0
1327267026,INFO,powerData | DPM status: 0
1327278637,INFO,Starting analysis m: 369 t: 0 e: 1
1327278923,WARN,Disabling IridiumMessageSender transmissions
1327280271,INFO,Completed analysis m: 369 t: 0 e: 1
1327280297,INFO,Enabling IridiumMessageSender transmissions
1327329781,INFO,Starting analysis m: 369 t: 0 e: 2
1327330115,WARN,Disabling IridiumMessageSender transmissions
1327331424,INFO,Completed analysis m: 369 t: 0 e: 2
1327331448,INFO,Enabling IridiumMessageSender transmissions
1327380934,INFO,Starting analysis m: 369 t: 0 e: 3
1327381217,WARN,Disabling IridiumMessageSender transmissions
1327382525,INFO,Completed analysis m: 369 t: 0 e: 3
1327382550,INFO,Enabling IridiumMessageSender transmissions
1327432087,INFO,Starting analysis m: 369 t: 0 e: 4
1327432368,WARN,Disabling IridiumMessageSender transmissions
1327433670,INFO,Completed analysis m: 369 t: 0 e: 4
1327433697,INFO,Enabling IridiumMessageSender transmissions
1327483234,INFO,Starting analysis m: 369 t: 0 e: 5
1327483516,WARN,Disabling IridiumMessageSender transmissions
1327484819,INFO,Completed analysis m: 369 t: 0 e: 5
1327484848,INFO,Enabling IridiumMessageSender transmissions
1327534381,INFO,Starting analysis m: 369 t: 0 e: 6
1327534661,WARN,Disabling IridiumMessageSender transmissions
1327535968,INFO,Completed analysis m: 369 t: 0 e: 6
1327535992,INFO,Enabling IridiumMessageSender transmissions
1327566831,INFO,powerData | solV: 0.00
1327566854,INFO,powerData | solI: 0.00
1327566876,INFO,powerData | battV: 4.10
1327566897,INFO,powerData | battI: -0.06
1327566919,INFO,powerData | busV: 4.10
1327566944,INFO,powerData | busI: 0.05
1327566966,INFO,powerData | BQ status reg: 0
1327566989,INFO,powerData | Fault reg: 0
1327567009,INFO,powerData | Charge status: 0
1327567032,INFO,powerData | DPM status: 0
1327585523,INFO,Starting analysis m: 369 t: 0 e: 7
1327585816,WARN,Disabling IridiumMessageSender transmissions
1327587108,INFO,Completed analysis m: 369 t: 0 e: 7
1327587135,INFO,Enabling IridiumMessageSender transmissions
1327636664,INFO,Starting analysis m: 369 t: 0 e: 8
1327636946,WARN,Disabling IridiumMessageSender transmissions
1327638261,INFO,Completed analysis m: 369 t: 0 e: 8
1327638286,INFO,Enabling IridiumMessageSender transmissions
1327687815,INFO,Starting analysis m: 369 t: 0 e: 9
1327688105,WARN,Disabling IridiumMessageSender transmissions
1327689646,INFO,Completed analysis m: 369 t: 0 e: 9
1327689670,INFO,Enabling IridiumMessageSender transmissions
1327738959,INFO,Starting analysis m: 369 t: 0 e: 10
1327739242,WARN,Disabling IridiumMessageSender transmissions
1327740604,INFO,Completed analysis m: 369 t: 0 e: 10
1327740628,INFO,Enabling IridiumMessageSender transmissions
1327790110,INFO,Starting analysis m: 369 t: 0 e: 11
1327790401,WARN,Disabling IridiumMessageSender transmissions
1327791751,INFO,Completed analysis m: 369 t: 0 e: 11
1327791775,INFO,Enabling IridiumMessageSender transmissions
1327841273,INFO,Starting analysis m: 369 t: 0 e: 12
1327841564,WARN,Disabling IridiumMessageSender transmissions
1327842887,INFO,Completed analysis m: 369 t: 0 e: 12
1327842916,INFO,Enabling IridiumMessageSender transmissions
1327866839,INFO,powerData | solV: 0.00
1327866861,INFO,powerData | solI: 0.00
1327866884,INFO,powerData | battV: 4.10
1327866904,INFO,powerData | battI: -0.07
1327866925,INFO,powerData | busV: 4.10
1327866947,INFO,powerData | busI: 0.07
1327866968,INFO,powerData | BQ status reg: 0
1327866990,INFO,powerData | Fault reg: 0
1327867011,INFO,powerData | Charge status: 0
1327867033,INFO,powerData | DPM status: 0
1327892414,INFO,Starting analysis m: 369 t: 0 e: 13
1327892709,WARN,Disabling IridiumMessageSender transmissions
1327894003,INFO,Completed analysis m: 369 t: 0 e: 13
1327894028,INFO,Enabling IridiumMessageSender transmissions
1327943553,INFO,Starting analysis m: 369 t: 0 e: 14
1327943835,WARN,Disabling IridiumMessageSender transmissions
1327945144,INFO,Completed analysis m: 369 t: 0 e: 14
1327945170,INFO,Enabling IridiumMessageSender transmissions
1327994697,INFO,Starting analysis m: 369 t: 0 e: 15
1327994978,WARN,Disabling IridiumMessageSender transmissions
1327996295,INFO,Completed analysis m: 369 t: 0 e: 15
1327996321,INFO,Enabling IridiumMessageSender transmissions
1328045848,INFO,Starting analysis m: 369 t: 0 e: 16
1328046141,WARN,Disabling IridiumMessageSender transmissions
1328047437,INFO,Completed analysis m: 369 t: 0 e: 16
1328047464,INFO,Enabling IridiumMessageSender transmissions
1328097007,INFO,Starting analysis m: 369 t: 0 e: 17
1328097290,WARN,Disabling IridiumMessageSender transmissions
1328098598,INFO,Completed analysis m: 369 t: 0 e: 17
1328098627,INFO,Enabling IridiumMessageSender transmissions
1328148140,INFO,Starting analysis m: 369 t: 0 e: 18
1328148430,WARN,Disabling IridiumMessageSender transmissions
1328149868,INFO,Completed analysis m: 369 t: 0 e: 18
1328149893,INFO,Enabling IridiumMessageSender transmissions
1328166842,INFO,powerData | solV: 0.00
1328166868,INFO,powerData | solI: 0.00
1328166889,INFO,powerData | battV: 4.10
1328166912,INFO,powerData | battI: -0.06
1328166932,INFO,powerData | busV: 4.10
1328166959,INFO,powerData | busI: 0.05
1328166979,INFO,powerData | BQ status reg: 0
1328167002,INFO,powerData | Fault reg: 0
1328167022,INFO,powerData | Charge status: 0
1328167045,INFO,powerData | DPM status: 0
1328199307,INFO,Starting analysis m: 369 t: 0 e: 19
1328199591,WARN,Disabling IridiumMessageSender transmissions
1328200890,INFO,Completed analysis m: 369 t: 0 e: 19
1328200914,INFO,Enabling IridiumMessageSender transmissions
1328250435,INFO,Starting analysis m: 369 t: 0 e: 20
1328250722,WARN,Disabling IridiumMessageSender transmissions
1328252090,INFO,Completed analysis m: 369 t: 0 e: 20
1328252114,INFO,Enabling IridiumMessageSender transmissions
1328301586,INFO,Starting analysis m: 369 t: 0 e: 21
1328301916,WARN,Disabling IridiumMessageSender transmissions
1328303214,INFO,Completed analysis m: 369 t: 0 e: 21
1328303241,INFO,Enabling IridiumMessageSender transmissions
1328352729,INFO,Starting analysis m: 369 t: 0 e: 22
1328353011,WARN,Disabling IridiumMessageSender transmissions
1328354322,INFO,Completed analysis m: 369 t: 0 e: 22
1328354347,INFO,Enabling IridiumMessageSender transmissions
1328403884,INFO,Starting analysis m: 369 t: 0 e: 23
1328404166,WARN,Disabling IridiumMessageSender transmissions
1328405475,INFO,Completed analysis m: 369 t: 0 e: 23
1328405501,INFO,Enabling IridiumMessageSender transmissions
1328455028,INFO,Starting analysis m: 369 t: 0 e: 24
1328455319,WARN,Disabling IridiumMessageSender transmissions
1328456617,INFO,Completed analysis m: 369 t: 0 e: 24
1328456648,INFO,Enabling IridiumMessageSender transmissions
1328466849,INFO,powerData | solV: 0.00
1328466872,INFO,powerData | solI: 0.00
1328466894,INFO,powerData | battV: 4.10
1328466915,INFO,powerData | battI: -0.07
1328466939,INFO,powerData | busV: 4.10
1328466964,INFO,powerData | busI: 0.06
1328466984,INFO,powerData | BQ status reg: 0
1328467007,INFO,powerData | Fault reg: 0
1328467027,INFO,powerData | Charge status: 0
1328467050,INFO,powerData | DPM status: 0
1328506171,INFO,Starting analysis m: 369 t: 0 e: 25
1328506458,WARN,Disabling IridiumMessageSender transmissions
1328507768,INFO,Completed analysis m: 369 t: 0 e: 25
1328507793,INFO,Enabling IridiumMessageSender transmissions
1328557328,INFO,Starting analysis m: 369 t: 0 e: 26
1328557619,WARN,Disabling IridiumMessageSender transmissions
1328558913,INFO,Completed analysis m: 369 t: 0 e: 26
1328558938,INFO,Enabling IridiumMessageSender transmissions
1328608471,INFO,Starting analysis m: 369 t: 0 e: 27
1328608751,WARN,Disabling IridiumMessageSender transmissions
1328610068,INFO,Completed analysis m: 369 t: 0 e: 27
1328610093,INFO,Enabling IridiumMessageSender transmissions
1328659623,INFO,Starting analysis m: 369 t: 0 e: 28
1328659914,WARN,Disabling IridiumMessageSender transmissions
1328661209,INFO,Completed analysis m: 369 t: 0 e: 28
1328661235,INFO,Enabling IridiumMessageSender transmissions
1328710758,INFO,Starting analysis m: 369 t: 0 e: 29
1328711041,WARN,Disabling IridiumMessageSender transmissions
1328712394,INFO,Completed analysis m: 369 t: 0 e: 29
1328712419,INFO,Enabling IridiumMessageSender transmissions
1328761913,INFO,Starting analysis m: 369 t: 0 e: 30
1328762193,WARN,Disabling IridiumMessageSender transmissions
1328763641,INFO,Completed analysis m: 369 t: 0 e: 30
1328763666,INFO,Enabling IridiumMessageSender transmissions
1328766859,INFO,powerData | solV: 0.00
1328766881,INFO,powerData | solI: 0.00
1328766902,INFO,powerData | battV: 4.10
1328766924,INFO,powerData | battI: -0.06
1328766945,INFO,powerData | busV: 4.10
1328766973,INFO,powerData | busI: 0.05
1328766994,INFO,powerData | BQ status reg: 0
1328767019,INFO,powerData | Fault reg: 0
1328767045,INFO,powerData | Charge status: 0
1328767068,INFO,powerData | DPM status: 0
1328813070,INFO,Starting analysis m: 369 t: 0 e: 31
1328813367,WARN,Disabling IridiumMessageSender transmissions
1328814657,INFO,Completed analysis m: 369 t: 0 e: 31
1328814682,INFO,Enabling IridiumMessageSender transmissions
1328864202,INFO,Starting analysis m: 369 t: 0 e: 32
1328864489,WARN,Disabling IridiumMessageSender transmissions
1328865796,INFO,Completed analysis m: 369 t: 0 e: 32
1328865820,INFO,Processing stats m: 369 t: 0 e: 33
1328871985,INFO,Enabling IridiumMessageSender transmissions
1328923695,INFO,Starting collection m: 369 t: 1 at 1648976791.20
1329025634,INFO,Starting analysis m: 369 t: 1 e: 0
1329025916,WARN,Disabling IridiumMessageSender transmissions
1329026975,INFO,Completed analysis m: 369 t: 1 e: 0
1329027000,INFO,Enabling IridiumMessageSender transmissions
1329066860,INFO,powerData | solV: 0.00
1329066883,INFO,powerData | solI: 0.00
1329066903,INFO,powerData | battV: 4.10
1329066926,INFO,powerData | battI: -0.06
1329066946,INFO,powerData | busV: 4.10
1329066969,INFO,powerData | busI: 0.05
1329066991,INFO,powerData | BQ status reg: 0
1329067012,INFO,powerData | Fault reg: 0
1329067034,INFO,powerData | Charge status: 0
1329067055,INFO,powerData | DPM status: 0
1329076783,INFO,Starting analysis m: 369 t: 1 e: 1
1329077073,WARN,Disabling IridiumMessageSender transmissions
1329078378,INFO,Completed analysis m: 369 t: 1 e: 1
1329078403,INFO,Enabling IridiumMessageSender transmissions
1329127927,INFO,Starting analysis m: 369 t: 1 e: 2
1329128208,WARN,Disabling IridiumMessageSender transmissions
1329129523,INFO,Completed analysis m: 369 t: 1 e: 2
1329129547,INFO,Enabling IridiumMessageSender transmissions
1329179080,INFO,Starting analysis m: 369 t: 1 e: 3
1329179371,WARN,Disabling IridiumMessageSender transmissions
1329180667,INFO,Completed analysis m: 369 t: 1 e: 3
1329180692,INFO,Enabling IridiumMessageSender transmissions
1329230227,INFO,Starting analysis m: 369 t: 1 e: 4
1329230510,WARN,Disabling IridiumMessageSender transmissions
1329231812,INFO,Completed analysis m: 369 t: 1 e: 4
1329231837,INFO,Enabling IridiumMessageSender transmissions
1329281380,INFO,Starting analysis m: 369 t: 1 e: 5
1329281660,WARN,Disabling IridiumMessageSender transmissions
1329282988,INFO,Completed analysis m: 369 t: 1 e: 5
1329283016,INFO,Enabling IridiumMessageSender transmissions
1329332518,INFO,Starting analysis m: 369 t: 1 e: 6
1329332811,WARN,Disabling IridiumMessageSender transmissions
1329334165,INFO,Completed analysis m: 369 t: 1 e: 6
1329334190,INFO,Enabling IridiumMessageSender transmissions
1329366876,INFO,powerData | solV: 0.00
1329366898,INFO,powerData | solI: 0.00
1329366921,INFO,powerData | battV: 4.10
1329366941,INFO,powerData | battI: -0.06
1329366962,INFO,powerData | busV: 4.10
1329366984,INFO,powerData | busI: 0.05
1329367009,INFO,powerData | BQ status reg: 0
1329367029,INFO,powerData | Fault reg: 0
1329367052,INFO,powerData | Charge status: 0
1329367072,INFO,powerData | DPM status: 0
1329383675,INFO,Starting analysis m: 369 t: 1 e: 7
1329383995,WARN,Disabling IridiumMessageSender transmissions
1329385304,INFO,Completed analysis m: 369 t: 1 e: 7
1329385328,INFO,Enabling IridiumMessageSender transmissions
1329434816,INFO,Starting analysis m: 369 t: 1 e: 8
1329435099,WARN,Disabling IridiumMessageSender transmissions
1329436407,INFO,Completed analysis m: 369 t: 1 e: 8
1329436432,INFO,Enabling IridiumMessageSender transmissions
1329485969,INFO,Starting analysis m: 369 t: 1 e: 9
1329486346,WARN,Disabling IridiumMessageSender transmissions
1329487790,INFO,Completed analysis m: 369 t: 1 e: 9
1329487814,INFO,Enabling IridiumMessageSender transmissions
1329537114,INFO,Starting analysis m: 369 t: 1 e: 10
1329537396,WARN,Disabling IridiumMessageSender transmissions
1329538701,INFO,Completed analysis m: 369 t: 1 e: 10
1329538729,INFO,Enabling IridiumMessageSender transmissions
1329588252,INFO,Starting analysis m: 369 t: 1 e: 11
1329588543,WARN,Disabling IridiumMessageSender transmissions
1329589848,INFO,Completed analysis m: 369 t: 1 e: 11
1329589872,INFO,Enabling IridiumMessageSender transmissions
1329639411,INFO,Starting analysis m: 369 t: 1 e: 12
1329639692,WARN,Disabling IridiumMessageSender transmissions
1329641000,INFO,Completed analysis m: 369 t: 1 e: 12
1329641025,INFO,Enabling IridiumMessageSender transmissions
1329666875,INFO,powerData | solV: 0.00
1329666902,INFO,powerData | solI: 0.00
1329666926,INFO,powerData | battV: 4.10
1329666951,INFO,powerData | battI: -0.05
1329666977,INFO,powerData | busV: 4.10
1329667000,INFO,powerData | busI: 0.05
1329667022,INFO,powerData | BQ status reg: 0
1329667043,INFO,powerData | Fault reg: 0
1329667065,INFO,powerData | Charge status: 0
1329667086,INFO,powerData | DPM status: 0
1329690560,INFO,Starting analysis m: 369 t: 1 e: 13
1329690853,WARN,Disabling IridiumMessageSender transmissions
1329692149,INFO,Completed analysis m: 369 t: 1 e: 13
1329692174,INFO,Enabling IridiumMessageSender transmissions
1329741701,INFO,Starting analysis m: 369 t: 1 e: 14
1329741981,WARN,Disabling IridiumMessageSender transmissions
1329743288,INFO,Completed analysis m: 369 t: 1 e: 14
1329743312,INFO,Enabling IridiumMessageSender transmissions
1329792845,INFO,Starting analysis m: 369 t: 1 e: 15
1329793146,WARN,Disabling IridiumMessageSender transmissions
1329794496,INFO,Completed analysis m: 369 t: 1 e: 15
1329794521,INFO,Enabling IridiumMessageSender transmissions
1329843992,INFO,Starting analysis m: 369 t: 1 e: 16
1329844283,WARN,Disabling IridiumMessageSender transmissions
1329845647,INFO,Completed analysis m: 369 t: 1 e: 16
1329845671,INFO,Enabling IridiumMessageSender transmissions
1329895170,INFO,Starting analysis m: 369 t: 1 e: 17
1329895469,WARN,Disabling IridiumMessageSender transmissions
1329896761,INFO,Completed analysis m: 369 t: 1 e: 17
1329896790,INFO,Enabling IridiumMessageSender transmissions
1329946294,INFO,Starting analysis m: 369 t: 1 e: 18
1329946585,WARN,Disabling IridiumMessageSender transmissions
1329948035,INFO,Completed analysis m: 369 t: 1 e: 18
1329948059,INFO,Enabling IridiumMessageSender transmissions
1329966884,INFO,powerData | solV: 0.00
1329966907,INFO,powerData | solI: 0.00
1329966929,INFO,powerData | battV: 4.10
1329966952,INFO,powerData | battI: -0.06
1329966977,INFO,powerData | busV: 4.10
1329967001,INFO,powerData | busI: 0.05
1329967028,INFO,powerData | BQ status reg: 0
1329967048,INFO,powerData | Fault reg: 0
1329967071,INFO,powerData | Charge status: 0
1329967091,INFO,powerData | DPM status: 0
1329997432,INFO,Starting analysis m: 369 t: 1 e: 19
1329997715,WARN,Disabling IridiumMessageSender transmissions
1329999022,INFO,Completed analysis m: 369 t: 1 e: 19
1329999048,INFO,Enabling IridiumMessageSender transmissions
1330048583,INFO,Starting analysis m: 369 t: 1 e: 20
1330048866,WARN,Disabling IridiumMessageSender transmissions
1330050183,INFO,Completed analysis m: 369 t: 1 e: 20
1330050209,INFO,Enabling IridiumMessageSender transmissions
1330099736,INFO,Starting analysis m: 369 t: 1 e: 21
1330100027,WARN,Disabling IridiumMessageSender transmissions
1330101334,INFO,Completed analysis m: 369 t: 1 e: 21
1330101358,INFO,Enabling IridiumMessageSender transmissions
1330150875,INFO,Starting analysis m: 369 t: 1 e: 22
1330151157,WARN,Disabling IridiumMessageSender transmissions
1330152468,INFO,Completed analysis m: 369 t: 1 e: 22
1330152497,INFO,Enabling IridiumMessageSender transmissions
1330202030,INFO,Starting analysis m: 369 t: 1 e: 23
1330202322,WARN,Disabling IridiumMessageSender transmissions
1330203615,INFO,Completed analysis m: 369 t: 1 e: 23
1330203641,INFO,Enabling IridiumMessageSender transmissions
1330253168,INFO,Starting analysis m: 369 t: 1 e: 24
1330253449,WARN,Disabling IridiumMessageSender transmissions
1330254714,INFO,Completed analysis m: 369 t: 1 e: 24
1330254739,INFO,Enabling IridiumMessageSender transmissions
1330266892,INFO,powerData | solV: 0.00
1330266914,INFO,powerData | solI: 0.00
1330266935,INFO,powerData | battV: 4.10
1330266957,INFO,powerData | battI: -0.07
1330266978,INFO,powerData | busV: 4.10
1330267000,INFO,powerData | busI: 0.07
1330267021,INFO,powerData | BQ status reg: 0
1330267043,INFO,powerData | Fault reg: 0
1330267066,INFO,powerData | Charge status: 0
1330267090,INFO,powerData | DPM status: 0
1330304319,INFO,Starting analysis m: 369 t: 1 e: 25
1330304606,WARN,Disabling IridiumMessageSender transmissions
1330305961,INFO,Completed analysis m: 369 t: 1 e: 25
1330305986,INFO,Enabling IridiumMessageSender transmissions
1330355466,INFO,Starting analysis m: 369 t: 1 e: 26
1330355795,WARN,Disabling IridiumMessageSender transmissions
1330357110,INFO,Completed analysis m: 369 t: 1 e: 26
1330357135,INFO,Enabling IridiumMessageSender transmissions
1330406610,INFO,Starting analysis m: 369 t: 1 e: 27
1330406893,WARN,Disabling IridiumMessageSender transmissions
1330408210,INFO,Completed analysis m: 369 t: 1 e: 27
1330408235,INFO,Enabling IridiumMessageSender transmissions
1330457794,INFO,Starting analysis m: 369 t: 1 e: 28
1330458093,WARN,Disabling IridiumMessageSender transmissions
1330459379,INFO,Completed analysis m: 369 t: 1 e: 28
1330459402,INFO,Enabling IridiumMessageSender transmissions
1330508906,INFO,Starting analysis m: 369 t: 1 e: 29
1330509197,WARN,Disabling IridiumMessageSender transmissions
1330510450,INFO,Completed analysis m: 369 t: 1 e: 29
1330510479,INFO,Enabling IridiumMessageSender transmissions
1330560051,INFO,Starting analysis m: 369 t: 1 e: 30
1330560333,WARN,Disabling IridiumMessageSender transmissions
1330561716,INFO,Completed analysis m: 369 t: 1 e: 30
1330561740,INFO,Enabling IridiumMessageSender transmissions
1330566901,INFO,powerData | solV: 0.00
1330566924,INFO,powerData | solI: 0.00
1330566944,INFO,powerData | battV: 4.10
1330566965,INFO,powerData | battI: -0.06
1330566987,INFO,powerData | busV: 4.10
1330567012,INFO,powerData | busI: 0.05
1330567032,INFO,powerData | BQ status reg: 0
1330567053,INFO,powerData | Fault reg: 0
1330567073,INFO,powerData | Charge status: 0
1330567096,INFO,powerData | DPM status: 0
1330586187,INFO,Max CNO changed from 47 to 50
1330611200,INFO,Starting analysis m: 369 t: 1 e: 31
1330611490,WARN,Disabling IridiumMessageSender transmissions
1330612793,INFO,Completed analysis m: 369 t: 1 e: 31
1330612817,INFO,Enabling IridiumMessageSender transmissions
1330662348,INFO,Starting analysis m: 369 t: 1 e: 32
1330662633,WARN,Disabling IridiumMessageSender transmissions
1330663958,INFO,Completed analysis m: 369 t: 1 e: 32
1330663983,INFO,Processing stats m: 369 t: 1 e: 33
1330671005,INFO,Finished collection for m: 369 in 1749
1330671030,INFO,Submitting 48 byte / 378 bit message: 
1330671087,DEBUG,m 227 sub to Q at i 0 count: 227
1330671110,DEBUG,1 msgs in Q
1330671157,INFO,Enabling IridiumMessageSender transmissions
1330671192,DEBUG,Sending Q index: 0 id: 227
1330681538,INFO,Send complete: Q index: 0 count_id 227
1330721835,INFO,Starting collection m: 370 t: 0 at 1648978591.20
1330726027,INFO,Max CNO changed from 50 to 47
1330740527,INFO,Submitting 19 byte / 150 bit SMC message: 
1330740570,DEBUG,m 228 sub to Q at i 0 count: 228
1330740596,DEBUG,1 msgs in Q
1330740750,DEBUG,Sending Q index: 0 id: 228
1330748280,INFO,Send complete: Q index: 0 count_id 228
1330823786,INFO,Starting analysis m: 370 t: 0 e: 0
1330824067,WARN,Disabling IridiumMessageSender transmissions
1330825125,INFO,Completed analysis m: 370 t: 0 e: 0
1330825150,INFO,Enabling IridiumMessageSender transmissions
1330866925,INFO,powerData | solV: 0.00
1330866948,INFO,powerData | solI: 0.00
1330866968,INFO,powerData | battV: 4.10
1330866991,INFO,powerData | battI: -0.06
1330867011,INFO,powerData | busV: 4.10
1330867032,INFO,powerData | busI: 0.06
1330867052,INFO,powerData | BQ status reg: 0
1330867073,INFO,powerData | Fault reg: 0
1330867093,INFO,powerData | Charge status: 0
1330867116,INFO,powerData | DPM status: 0
1330874925,INFO,Starting analysis m: 370 t: 0 e: 1
1330875215,WARN,Disabling IridiumMessageSender transmissions
1330876549,INFO,Completed analysis m: 370 t: 0 e: 1
1330876573,INFO,Enabling IridiumMessageSender transmissions
1330926080,INFO,Starting analysis m: 370 t: 0 e: 2
1330926401,WARN,Disabling IridiumMessageSender transmissions
1330927722,INFO,Completed analysis m: 370 t: 0 e: 2
1330927747,INFO,Enabling IridiumMessageSender transmissions
1330977218,INFO,Starting analysis m: 370 t: 0 e: 3
1330977513,WARN,Disabling IridiumMessageSender transmissions
1330978762,INFO,Completed analysis m: 370 t: 0 e: 3
1330978787,INFO,Enabling IridiumMessageSender transmissions
1331028369,INFO,Starting analysis m: 370 t: 0 e: 4
1331028649,WARN,Disabling IridiumMessageSender transmissions
1331029913,INFO,Completed analysis m: 370 t: 0 e: 4
1331029938,INFO,Enabling IridiumMessageSender transmissions
1331079514,INFO,Starting analysis m: 370 t: 0 e: 5
1331079794,WARN,Disabling IridiumMessageSender transmissions
1331081058,INFO,Completed analysis m: 370 t: 0 e: 5
1331081082,INFO,Enabling IridiumMessageSender transmissions
1331130658,INFO,Starting analysis m: 370 t: 0 e: 6
1331130949,WARN,Disabling IridiumMessageSender transmissions
1331132198,INFO,Completed analysis m: 370 t: 0 e: 6
1331132223,INFO,Enabling IridiumMessageSender transmissions
1331166926,INFO,powerData | solV: 0.00
1331166953,INFO,powerData | solI: 0.00
1331166976,INFO,powerData | battV: 4.10
1331166996,INFO,powerData | battI: -0.06
1331167023,INFO,powerData | busV: 4.10
1331167043,INFO,powerData | busI: 0.05
1331167064,INFO,powerData | BQ status reg: 0
1331167084,INFO,powerData | Fault reg: 0
1331167105,INFO,powerData | Charge status: 0
1331167125,INFO,powerData | DPM status: 0
1331181821,INFO,Starting analysis m: 370 t: 0 e: 7
1331182102,WARN,Disabling IridiumMessageSender transmissions
1331183413,INFO,Completed analysis m: 370 t: 0 e: 7
1331183437,INFO,Enabling IridiumMessageSender transmissions
1331232964,INFO,Starting analysis m: 370 t: 0 e: 8
1331233241,WARN,Disabling IridiumMessageSender transmissions
1331234566,INFO,Completed analysis m: 370 t: 0 e: 8
1331234590,INFO,Enabling IridiumMessageSender transmissions
1331284105,INFO,Starting analysis m: 370 t: 0 e: 9
1331284396,WARN,Disabling IridiumMessageSender transmissions
1331285932,INFO,Completed analysis m: 370 t: 0 e: 9
1331285956,INFO,Enabling IridiumMessageSender transmissions
1331335254,INFO,Starting analysis m: 370 t: 0 e: 10
1331335536,WARN,Disabling IridiumMessageSender transmissions
1331336878,INFO,Completed analysis m: 370 t: 0 e: 10
1331336902,INFO,Enabling IridiumMessageSender transmissions
1331386402,INFO,Starting analysis m: 370 t: 0 e: 11
1331386683,WARN,Disabling IridiumMessageSender transmissions
1331388035,INFO,Completed analysis m: 370 t: 0 e: 11
1331388059,INFO,Enabling IridiumMessageSender transmissions
1331437545,INFO,Starting analysis m: 370 t: 0 e: 12
1331437842,WARN,Disabling IridiumMessageSender transmissions
1331439142,INFO,Completed analysis m: 370 t: 0 e: 12
1331439167,INFO,Enabling IridiumMessageSender transmissions
1331466938,INFO,powerData | solV: 0.00
1331466960,INFO,powerData | solI: 0.00
1331466981,INFO,powerData | battV: 4.10
1331467001,INFO,powerData | battI: -0.06
1331467022,INFO,powerData | busV: 4.10
1331467046,INFO,powerData | busI: 0.06
1331467071,INFO,powerData | BQ status reg: 0
1331467091,INFO,powerData | Fault reg: 0
1331467114,INFO,powerData | Charge status: 0
1331467134,INFO,powerData | DPM status: 0
1331488692,INFO,Starting analysis m: 370 t: 0 e: 13
1331488972,WARN,Disabling IridiumMessageSender transmissions
1331490236,INFO,Completed analysis m: 370 t: 0 e: 13
1331490260,INFO,Enabling IridiumMessageSender transmissions
1331539849,INFO,Starting analysis m: 370 t: 0 e: 14
1331540142,WARN,Disabling IridiumMessageSender transmissions
1331541436,INFO,Completed analysis m: 370 t: 0 e: 14
1331541460,INFO,Enabling IridiumMessageSender transmissions
1331590987,INFO,Starting analysis m: 370 t: 0 e: 15
1331591272,WARN,Disabling IridiumMessageSender transmissions
1331592534,INFO,Completed analysis m: 370 t: 0 e: 15
1331592558,INFO,Enabling IridiumMessageSender transmissions
1331642138,INFO,Starting analysis m: 370 t: 0 e: 16
1331642427,WARN,Disabling IridiumMessageSender transmissions
1331643725,INFO,Completed analysis m: 370 t: 0 e: 16
1331643750,INFO,Enabling IridiumMessageSender transmissions
1331693279,INFO,Starting analysis m: 370 t: 0 e: 17
1331693559,WARN,Disabling IridiumMessageSender transmissions
1331694874,INFO,Completed analysis m: 370 t: 0 e: 17
1331694899,INFO,Enabling IridiumMessageSender transmissions
1331744428,INFO,Starting analysis m: 370 t: 0 e: 18
1331744716,WARN,Disabling IridiumMessageSender transmissions
1331745910,INFO,Completed analysis m: 370 t: 0 e: 18
1331745937,INFO,Enabling IridiumMessageSender transmissions
1331766947,INFO,powerData | solV: 0.00
1331766970,INFO,powerData | solI: 0.00
1331766990,INFO,powerData | battV: 4.10
1331767011,INFO,powerData | battI: -0.06
1331767035,INFO,powerData | busV: 4.10
1331767056,INFO,powerData | busI: 0.05
1331767078,INFO,powerData | BQ status reg: 0
1331767099,INFO,powerData | Fault reg: 0
1331767121,INFO,powerData | Charge status: 0
1331767146,INFO,powerData | DPM status: 0
1331795578,INFO,Starting analysis m: 370 t: 0 e: 19
1331795859,WARN,Disabling IridiumMessageSender transmissions
1331797166,INFO,Completed analysis m: 370 t: 0 e: 19
1331797190,INFO,Enabling IridiumMessageSender transmissions
1331846727,INFO,Starting analysis m: 370 t: 0 e: 20
1331847008,WARN,Disabling IridiumMessageSender transmissions
1331848349,INFO,Completed analysis m: 370 t: 0 e: 20
1331848374,INFO,Enabling IridiumMessageSender transmissions
1331897874,INFO,Starting analysis m: 370 t: 0 e: 21
1331898193,WARN,Disabling IridiumMessageSender transmissions
1331899490,INFO,Completed analysis m: 370 t: 0 e: 21
1331899514,INFO,Enabling IridiumMessageSender transmissions
1331949017,INFO,Starting analysis m: 370 t: 0 e: 22
1331949301,WARN,Disabling IridiumMessageSender transmissions
1331950610,INFO,Completed analysis m: 370 t: 0 e: 22
1331950635,INFO,Enabling IridiumMessageSender transmissions
1332000165,INFO,Starting analysis m: 370 t: 0 e: 23
1332000456,WARN,Disabling IridiumMessageSender transmissions
1332001703,INFO,Completed analysis m: 370 t: 0 e: 23
1332001728,INFO,Enabling IridiumMessageSender transmissions
1332051310,INFO,Starting analysis m: 370 t: 0 e: 24
1332051591,WARN,Disabling IridiumMessageSender transmissions
1332052905,INFO,Completed analysis m: 370 t: 0 e: 24
1332052930,INFO,Enabling IridiumMessageSender transmissions
1332066949,INFO,powerData | solV: 0.00
1332066971,INFO,powerData | solI: 0.00
1332066992,INFO,powerData | battV: 4.10
1332067012,INFO,powerData | battI: -0.07
1332067033,INFO,powerData | busV: 4.09
1332067053,INFO,powerData | busI: 0.06
1332067074,INFO,powerData | BQ status reg: 0
1332067094,INFO,powerData | Fault reg: 0
1332067115,INFO,powerData | Charge status: 0
1332067141,INFO,powerData | DPM status: 0
1332102459,INFO,Starting analysis m: 370 t: 0 e: 25
1332102739,WARN,Disabling IridiumMessageSender transmissions
1332104050,INFO,Completed analysis m: 370 t: 0 e: 25
1332104075,INFO,Enabling IridiumMessageSender transmissions
1332153616,INFO,Starting analysis m: 370 t: 0 e: 26
1332153896,WARN,Disabling IridiumMessageSender transmissions
1332155152,INFO,Completed analysis m: 370 t: 0 e: 26
1332155176,INFO,Enabling IridiumMessageSender transmissions
1332204752,INFO,Starting analysis m: 370 t: 0 e: 27
1332205037,WARN,Disabling IridiumMessageSender transmissions
1332206354,INFO,Completed analysis m: 370 t: 0 e: 27
1332206379,INFO,Enabling IridiumMessageSender transmissions
1332255909,INFO,Starting analysis m: 370 t: 0 e: 28
1332256190,WARN,Disabling IridiumMessageSender transmissions
1332257435,INFO,Completed analysis m: 370 t: 0 e: 28
1332257470,INFO,Enabling IridiumMessageSender transmissions
1332307046,INFO,Starting analysis m: 370 t: 0 e: 29
1332307326,WARN,Disabling IridiumMessageSender transmissions
1332308674,INFO,Completed analysis m: 370 t: 0 e: 29
1332308701,INFO,Enabling IridiumMessageSender transmissions
1332358201,INFO,Starting analysis m: 370 t: 0 e: 30
1332358486,WARN,Disabling IridiumMessageSender transmissions
1332359913,INFO,Completed analysis m: 370 t: 0 e: 30
1332359938,INFO,Enabling IridiumMessageSender transmissions
1332366970,INFO,powerData | solV: 0.00
1332366993,INFO,powerData | solI: 0.00
1332367013,INFO,powerData | battV: 4.10
1332367038,INFO,powerData | battI: -0.06
1332367060,INFO,powerData | busV: 4.10
1332367081,INFO,powerData | busI: 0.05
1332367101,INFO,powerData | BQ status reg: 0
1332367122,INFO,powerData | Fault reg: 0
1332367142,INFO,powerData | Charge status: 0
1332367163,INFO,powerData | DPM status: 0
1332409360,INFO,Starting analysis m: 370 t: 0 e: 31
1332409647,WARN,Disabling IridiumMessageSender transmissions
1332410947,INFO,Completed analysis m: 370 t: 0 e: 31
1332410972,INFO,Enabling IridiumMessageSender transmissions
1332460484,INFO,Starting analysis m: 370 t: 0 e: 32
1332460777,WARN,Disabling IridiumMessageSender transmissions
1332462082,INFO,Completed analysis m: 370 t: 0 e: 32
1332462106,INFO,Processing stats m: 370 t: 0 e: 33
1332468041,INFO,Enabling IridiumMessageSender transmissions
1332519974,INFO,Starting collection m: 370 t: 1 at 1648980391.20
1332621926,INFO,Starting analysis m: 370 t: 1 e: 0
1332622209,WARN,Disabling IridiumMessageSender transmissions
1332623265,INFO,Completed analysis m: 370 t: 1 e: 0
1332623292,INFO,Enabling IridiumMessageSender transmissions
1332666974,INFO,powerData | solV: 0.00
1332667000,INFO,powerData | solI: 0.00
1332667023,INFO,powerData | battV: 4.10
1332667043,INFO,powerData | battI: -0.06
1332667064,INFO,powerData | busV: 4.10
1332667084,INFO,powerData | busI: 0.05
1332667107,INFO,powerData | BQ status reg: 0
1332667127,INFO,powerData | Fault reg: 0
1332667148,INFO,powerData | Charge status: 0
1332667168,INFO,powerData | DPM status: 0
1332673073,INFO,Starting analysis m: 370 t: 1 e: 1
1332673357,WARN,Disabling IridiumMessageSender transmissions
1332674670,INFO,Completed analysis m: 370 t: 1 e: 1
1332674695,INFO,Enabling IridiumMessageSender transmissions
1332724215,INFO,Starting analysis m: 370 t: 1 e: 2
1332724496,WARN,Disabling IridiumMessageSender transmissions
1332725809,INFO,Completed analysis m: 370 t: 1 e: 2
1332725833,INFO,Enabling IridiumMessageSender transmissions
1332775376,INFO,Starting analysis m: 370 t: 1 e: 3
1332775657,WARN,Disabling IridiumMessageSender transmissions
1332776966,INFO,Completed analysis m: 370 t: 1 e: 3
1332776990,INFO,Enabling IridiumMessageSender transmissions
1332826519,INFO,Starting analysis m: 370 t: 1 e: 4
1332826802,WARN,Disabling IridiumMessageSender transmissions
1332828051,INFO,Completed analysis m: 370 t: 1 e: 4
1332828076,INFO,Enabling IridiumMessageSender transmissions
1332877656,INFO,Starting analysis m: 370 t: 1 e: 5
1332877936,WARN,Disabling IridiumMessageSender transmissions
1332879200,INFO,Completed analysis m: 370 t: 1 e: 5
1332879224,INFO,Enabling IridiumMessageSender transmissions
1332928800,INFO,Starting analysis m: 370 t: 1 e: 6
1332929091,WARN,Disabling IridiumMessageSender transmissions
1332930439,INFO,Completed analysis m: 370 t: 1 e: 6
1332930463,INFO,Enabling IridiumMessageSender transmissions
1332966981,INFO,powerData | solV: 0.00
1332967004,INFO,powerData | solI: 0.00
1332967024,INFO,powerData | battV: 4.10
1332967047,INFO,powerData | battI: -0.06
1332967069,INFO,powerData | busV: 4.10
1332967098,INFO,powerData | busI: 0.05
1332967120,INFO,powerData | BQ status reg: 0
1332967143,INFO,powerData | Fault reg: 0
1332967163,INFO,powerData | Charge status: 0
1332967186,INFO,powerData | DPM status: 0
1332979961,INFO,Starting analysis m: 370 t: 1 e: 7
1332980248,WARN,Disabling IridiumMessageSender transmissions
1332981553,INFO,Completed analysis m: 370 t: 1 e: 7
1332981577,INFO,Enabling IridiumMessageSender transmissions
1333031104,INFO,Starting analysis m: 370 t: 1 e: 8
1333031391,WARN,Disabling IridiumMessageSender transmissions
1333032706,INFO,Completed analysis m: 370 t: 1 e: 8
1333032730,INFO,Enabling IridiumMessageSender transmissions
1333082249,INFO,Starting analysis m: 370 t: 1 e: 9
1333082542,WARN,Disabling IridiumMessageSender transmissions
1333084078,INFO,Completed analysis m: 370 t: 1 e: 9
1333084102,INFO,Enabling IridiumMessageSender transmissions
1333133389,INFO,Starting analysis m: 370 t: 1 e: 10
1333133670,WARN,Disabling IridiumMessageSender transmissions
1333134983,INFO,Completed analysis m: 370 t: 1 e: 10
1333135007,INFO,Enabling IridiumMessageSender transmissions
1333184538,INFO,Starting analysis m: 370 t: 1 e: 11
1333184849,WARN,Disabling IridiumMessageSender transmissions
1333186140,INFO,Completed analysis m: 370 t: 1 e: 11
1333186164,INFO,Enabling IridiumMessageSender transmissions
1333235697,INFO,Starting analysis m: 370 t: 1 e: 12
1333235980,WARN,Disabling IridiumMessageSender transmissions
1333237284,INFO,Completed analysis m: 370 t: 1 e: 12
1333237313,INFO,Enabling IridiumMessageSender transmissions
1333266982,INFO,powerData | solV: 0.00
1333267005,INFO,powerData | solI: 0.00
1333267027,INFO,powerData | battV: 4.10
1333267048,INFO,powerData | battI: -0.07
1333267068,INFO,powerData | busV: 4.09
1333267091,INFO,powerData | busI: 0.07
1333267118,INFO,powerData | BQ status reg: 0
1333267138,INFO,powerData | Fault reg: 0
1333267161,INFO,powerData | Charge status: 0
1333267185,INFO,powerData | DPM status: 0
1333286834,INFO,Starting analysis m: 370 t: 1 e: 13
1333287120,WARN,Disabling IridiumMessageSender transmissions
1333288437,INFO,Completed analysis m: 370 t: 1 e: 13
1333288462,INFO,Enabling IridiumMessageSender transmissions
1333337978,INFO,Starting analysis m: 370 t: 1 e: 14
1333338271,WARN,Disabling IridiumMessageSender transmissions
1333339521,INFO,Completed analysis m: 370 t: 1 e: 14
1333339547,INFO,Enabling IridiumMessageSender transmissions
1333389139,INFO,Starting analysis m: 370 t: 1 e: 15
1333389420,WARN,Disabling IridiumMessageSender transmissions
1333390776,INFO,Completed analysis m: 370 t: 1 e: 15
1333390800,INFO,Enabling IridiumMessageSender transmissions
1333440288,INFO,Starting analysis m: 370 t: 1 e: 16
1333440618,WARN,Disabling IridiumMessageSender transmissions
1333441916,INFO,Completed analysis m: 370 t: 1 e: 16
1333441941,INFO,Enabling IridiumMessageSender transmissions
1333491435,INFO,Starting analysis m: 370 t: 1 e: 17
1333491718,WARN,Disabling IridiumMessageSender transmissions
1333493028,INFO,Completed analysis m: 370 t: 1 e: 17
1333493053,INFO,Enabling IridiumMessageSender transmissions
1333542569,INFO,Starting analysis m: 370 t: 1 e: 18
1333542852,WARN,Disabling IridiumMessageSender transmissions
1333544312,INFO,Completed analysis m: 370 t: 1 e: 18
1333544337,INFO,Enabling IridiumMessageSender transmissions
1333566986,INFO,powerData | solV: 0.00
1333567008,INFO,powerData | solI: 0.00
1333567029,INFO,powerData | battV: 4.10
1333567051,INFO,powerData | battI: -0.06
1333567076,INFO,powerData | busV: 4.09
1333567096,INFO,powerData | busI: 0.06
1333567119,INFO,powerData | BQ status reg: 0
1333567139,INFO,powerData | Fault reg: 0
1333567162,INFO,powerData | Charge status: 0
1333567182,INFO,powerData | DPM status: 0
1333593716,INFO,Starting analysis m: 370 t: 1 e: 19
1333594007,WARN,Disabling IridiumMessageSender transmissions
1333595312,INFO,Completed analysis m: 370 t: 1 e: 19
1333595336,INFO,Enabling IridiumMessageSender transmissions
1333644867,INFO,Starting analysis m: 370 t: 1 e: 20
1333645152,WARN,Disabling IridiumMessageSender transmissions
1333646460,INFO,Completed analysis m: 370 t: 1 e: 20
1333646485,INFO,Enabling IridiumMessageSender transmissions
1333696014,INFO,Starting analysis m: 370 t: 1 e: 21
1333696305,WARN,Disabling IridiumMessageSender transmissions
1333697603,INFO,Completed analysis m: 370 t: 1 e: 21
1333697628,INFO,Enabling IridiumMessageSender transmissions
1333747171,INFO,Starting analysis m: 370 t: 1 e: 22
1333747451,WARN,Disabling IridiumMessageSender transmissions
1333748785,INFO,Completed analysis m: 370 t: 1 e: 22
1333748809,INFO,Enabling IridiumMessageSender transmissions
1333798311,INFO,Starting analysis m: 370 t: 1 e: 23
1333798602,WARN,Disabling IridiumMessageSender transmissions
1333799903,INFO,Completed analysis m: 370 t: 1 e: 23
1333799927,INFO,Enabling IridiumMessageSender transmissions
1333849464,INFO,Starting analysis m: 370 t: 1 e: 24
1333849745,WARN,Disabling IridiumMessageSender transmissions
1333851092,INFO,Completed analysis m: 370 t: 1 e: 24
1333851121,INFO,Enabling IridiumMessageSender transmissions
1333867020,INFO,powerData | solV: 0.00
1333867044,INFO,powerData | solI: 0.00
1333867065,INFO,powerData | battV: 4.10
1333867087,INFO,powerData | battI: -0.07
1333867108,INFO,powerData | busV: 4.09
1333867128,INFO,powerData | busI: 0.06
1333867151,INFO,powerData | BQ status reg: 0
1333867171,INFO,powerData | Fault reg: 0
1333867194,INFO,powerData | Charge status: 0
1333867220,INFO,powerData | DPM status: 0
1333900605,INFO,Starting analysis m: 370 t: 1 e: 25
1333900898,WARN,Disabling IridiumMessageSender transmissions
1333902245,INFO,Completed analysis m: 370 t: 1 e: 25
1333902270,INFO,Enabling IridiumMessageSender transmissions
1333951768,INFO,Starting analysis m: 370 t: 1 e: 26
1333952059,WARN,Disabling IridiumMessageSender transmissions
1333953361,INFO,Completed analysis m: 370 t: 1 e: 26
1333953386,INFO,Enabling IridiumMessageSender transmissions
1334002909,INFO,Starting analysis m: 370 t: 1 e: 27
1334003208,WARN,Disabling IridiumMessageSender transmissions
1334004504,INFO,Completed analysis m: 370 t: 1 e: 27
1334004529,INFO,Enabling IridiumMessageSender transmissions
1334054043,INFO,Starting analysis m: 370 t: 1 e: 28
1334054324,WARN,Disabling IridiumMessageSender transmissions
1334055659,INFO,Completed analysis m: 370 t: 1 e: 28
1334055684,INFO,Enabling IridiumMessageSender transmissions
1334105194,INFO,Starting analysis m: 370 t: 1 e: 29
1334105485,WARN,Disabling IridiumMessageSender transmissions
1334106802,INFO,Completed analysis m: 370 t: 1 e: 29
1334106826,INFO,Enabling IridiumMessageSender transmissions
1334156339,INFO,Starting analysis m: 370 t: 1 e: 30
1334156619,WARN,Disabling IridiumMessageSender transmissions
1334158012,INFO,Completed analysis m: 370 t: 1 e: 30
1334158036,INFO,Enabling IridiumMessageSender transmissions
1334167027,INFO,powerData | solV: 0.00
1334167054,INFO,powerData | solI: 0.00
1334167076,INFO,powerData | battV: 4.10
1334167099,INFO,powerData | battI: -0.06
1334167123,INFO,powerData | busV: 4.09
1334167146,INFO,powerData | busI: 0.05
1334167166,INFO,powerData | BQ status reg: 0
1334167189,INFO,powerData | Fault reg: 0
1334167209,INFO,powerData | Charge status: 0
1334167230,INFO,powerData | DPM status: 0
1334207488,INFO,Starting analysis m: 370 t: 1 e: 31
1334207770,WARN,Disabling IridiumMessageSender transmissions
1334209077,INFO,Completed analysis m: 370 t: 1 e: 31
1334209101,INFO,Enabling IridiumMessageSender transmissions
1334258630,INFO,Starting analysis m: 370 t: 1 e: 32
1334258925,WARN,Disabling IridiumMessageSender transmissions
1334260226,INFO,Completed analysis m: 370 t: 1 e: 32
1334260250,INFO,Processing stats m: 370 t: 1 e: 33
1334266464,INFO,Finished collection for m: 370 in 1748
1334266488,INFO,Submitting 48 byte / 378 bit message: 
1334266544,DEBUG,m 229 sub to Q at i 0 count: 229
1334266570,DEBUG,1 msgs in Q
1334266617,INFO,Enabling IridiumMessageSender transmissions
1334266654,DEBUG,Sending Q index: 0 id: 229
1334278324,INFO,Send complete: Q index: 0 count_id 229
1334318120,INFO,Starting collection m: 371 t: 0 at 1648982191.20
1334337351,INFO,Submitting 19 byte / 150 bit SMC message: 
1334337394,DEBUG,m 230 sub to Q at i 0 count: 230
1334337419,DEBUG,1 msgs in Q
1334337591,DEBUG,Sending Q index: 0 id: 230
1334368950,INFO,Send complete: Q index: 0 count_id 230
1334420068,INFO,Starting analysis m: 371 t: 0 e: 0
1334420350,WARN,Disabling IridiumMessageSender transmissions
1334421397,INFO,Completed analysis m: 371 t: 0 e: 0
1334421428,INFO,Enabling IridiumMessageSender transmissions
1334467035,INFO,powerData | solV: 0.00
1334467057,INFO,powerData | solI: 0.00
1334467080,INFO,powerData | battV: 4.10
1334467100,INFO,powerData | battI: -0.07
1334467121,INFO,powerData | busV: 4.09
1334467147,INFO,powerData | busI: 0.06
1334467172,INFO,powerData | BQ status reg: 0
1334467192,INFO,powerData | Fault reg: 0
1334467215,INFO,powerData | Charge status: 0
1334467235,INFO,powerData | DPM status: 0
1334471223,INFO,Starting analysis m: 371 t: 0 e: 1
1334471510,WARN,Disabling IridiumMessageSender transmissions
1334472878,INFO,Completed analysis m: 371 t: 0 e: 1
1334472904,INFO,Enabling IridiumMessageSender transmissions
1334502146,INFO,Max CNO changed from 47 to 44
1334522122,INFO,Max CNO changed from 44 to 47
1334522359,INFO,Starting analysis m: 371 t: 0 e: 2
1334522689,WARN,Disabling IridiumMessageSender transmissions
1334523992,INFO,Completed analysis m: 371 t: 0 e: 2
1334524018,INFO,Enabling IridiumMessageSender transmissions
1334573506,INFO,Starting analysis m: 371 t: 0 e: 3
1334573787,WARN,Disabling IridiumMessageSender transmissions
1334575048,INFO,Completed analysis m: 371 t: 0 e: 3
1334575073,INFO,Enabling IridiumMessageSender transmissions
1334624663,INFO,Starting analysis m: 371 t: 0 e: 4
1334624946,WARN,Disabling IridiumMessageSender transmissions
1334626283,INFO,Completed analysis m: 371 t: 0 e: 4
1334626308,INFO,Enabling IridiumMessageSender transmissions
1334675800,INFO,Starting analysis m: 371 t: 0 e: 5
1334676094,WARN,Disabling IridiumMessageSender transmissions
1334677348,INFO,Completed analysis m: 371 t: 0 e: 5
1334677372,INFO,Enabling IridiumMessageSender transmissions
1334726959,INFO,Starting analysis m: 371 t: 0 e: 6
1334727239,WARN,Disabling IridiumMessageSender transmissions
1334728542,INFO,Completed analysis m: 371 t: 0 e: 6
1334728566,INFO,Enabling IridiumMessageSender transmissions
1334767040,INFO,powerData | solV: 0.00
1334767063,INFO,powerData | solI: 0.00
1334767085,INFO,powerData | battV: 4.10
1334767110,INFO,powerData | battI: -0.06
1334767132,INFO,powerData | busV: 4.09
1334767153,INFO,powerData | busI: 0.05
1334767173,INFO,powerData | BQ status reg: 0
1334767196,INFO,powerData | Fault reg: 0
1334767220,INFO,powerData | Charge status: 0
1334767245,INFO,powerData | DPM status: 0
1334778105,INFO,Starting analysis m: 371 t: 0 e: 7
1334778388,WARN,Disabling IridiumMessageSender transmissions
1334779691,INFO,Completed analysis m: 371 t: 0 e: 7
1334779715,INFO,Enabling IridiumMessageSender transmissions
1334829248,INFO,Starting analysis m: 371 t: 0 e: 8
1334829539,WARN,Disabling IridiumMessageSender transmissions
1334830835,INFO,Completed analysis m: 371 t: 0 e: 8
1334830860,INFO,Enabling IridiumMessageSender transmissions
1334880389,INFO,Starting analysis m: 371 t: 0 e: 9
1334880669,WARN,Disabling IridiumMessageSender transmissions
1334882230,INFO,Completed analysis m: 371 t: 0 e: 9
1334882254,INFO,Enabling IridiumMessageSender transmissions
1334931560,INFO,Starting analysis m: 371 t: 0 e: 10
1334931853,WARN,Disabling IridiumMessageSender transmissions
1334933192,INFO,Completed analysis m: 371 t: 0 e: 10
1334933215,INFO,Enabling IridiumMessageSender transmissions
1334941698,INFO,Max CNO changed from 47 to 44
1334961666,INFO,Max CNO changed from 44 to 48
1334981648,INFO,Max CNO changed from 48 to 45
1334982688,INFO,Starting analysis m: 371 t: 0 e: 11
1334982977,WARN,Disabling IridiumMessageSender transmissions
1334984323,INFO,Completed analysis m: 371 t: 0 e: 11
1334984351,INFO,Enabling IridiumMessageSender transmissions
1335033841,INFO,Starting analysis m: 371 t: 0 e: 12
1335034126,WARN,Disabling IridiumMessageSender transmissions
1335035424,INFO,Completed analysis m: 371 t: 0 e: 12
1335035449,INFO,Enabling IridiumMessageSender transmissions
1335067043,INFO,powerData | solV: 0.00
1335067066,INFO,powerData | solI: 0.00
1335067086,INFO,powerData | battV: 4.10
1335067107,INFO,powerData | battI: -0.07
1335067127,INFO,powerData | busV: 4.09
1335067152,INFO,powerData | busI: 0.06
1335067172,INFO,powerData | BQ status reg: 0
1335067195,INFO,powerData | Fault reg: 0
1335067215,INFO,powerData | Charge status: 0
1335067236,INFO,powerData | DPM status: 0
1335084978,INFO,Starting analysis m: 371 t: 0 e: 13
1335085258,WARN,Disabling IridiumMessageSender transmissions
1335086518,INFO,Completed analysis m: 371 t: 0 e: 13
1335086542,INFO,Enabling IridiumMessageSender transmissions
1335136131,INFO,Starting analysis m: 371 t: 0 e: 14
1335136413,WARN,Disabling IridiumMessageSender transmissions
1335137724,INFO,Completed analysis m: 371 t: 0 e: 14
1335137748,INFO,Enabling IridiumMessageSender transmissions
1335187281,INFO,Starting analysis m: 371 t: 0 e: 15
1335187564,WARN,Disabling IridiumMessageSender transmissions
1335188869,INFO,Completed analysis m: 371 t: 0 e: 15
1335188893,INFO,Enabling IridiumMessageSender transmissions
1335238432,INFO,Starting analysis m: 371 t: 0 e: 16
1335238713,WARN,Disabling IridiumMessageSender transmissions
1335239966,INFO,Completed analysis m: 371 t: 0 e: 16
1335239991,INFO,Enabling IridiumMessageSender transmissions
1335289565,INFO,Starting analysis m: 371 t: 0 e: 17
1335289847,WARN,Disabling IridiumMessageSender transmissions
1335291103,INFO,Completed analysis m: 371 t: 0 e: 17
1335291129,INFO,Enabling IridiumMessageSender transmissions
1335340720,INFO,Starting analysis m: 371 t: 0 e: 18
1335341002,WARN,Disabling IridiumMessageSender transmissions
1335342194,INFO,Completed analysis m: 371 t: 0 e: 18
1335342225,INFO,Enabling IridiumMessageSender transmissions
1335367081,INFO,powerData | solV: 0.00
1335367104,INFO,powerData | solI: 0.00
1335367124,INFO,powerData | battV: 4.10
1335367145,INFO,powerData | battI: -0.06
1335367165,INFO,powerData | busV: 4.09
1335367186,INFO,powerData | busI: 0.05
1335367208,INFO,powerData | BQ status reg: 0
1335367229,INFO,powerData | Fault reg: 0
1335367251,INFO,powerData | Charge status: 0
1335367272,INFO,powerData | DPM status: 0
1335391862,INFO,Starting analysis m: 371 t: 0 e: 19
1335392147,WARN,Disabling IridiumMessageSender transmissions
1335393464,INFO,Completed analysis m: 371 t: 0 e: 19
1335393486,INFO,Enabling IridiumMessageSender transmissions
1335443019,INFO,Starting analysis m: 371 t: 0 e: 20
1335443312,WARN,Disabling IridiumMessageSender transmissions
1335444658,INFO,Completed analysis m: 371 t: 0 e: 20
1335444682,INFO,Enabling IridiumMessageSender transmissions
1335494158,INFO,Starting analysis m: 371 t: 0 e: 21
1335494479,WARN,Disabling IridiumMessageSender transmissions
1335495946,INFO,Completed analysis m: 371 t: 0 e: 21
1335495999,INFO,Enabling IridiumMessageSender transmissions
1335545300,INFO,Starting analysis m: 371 t: 0 e: 22
1335545595,WARN,Disabling IridiumMessageSender transmissions
1335546896,INFO,Completed analysis m: 371 t: 0 e: 22
1335546920,INFO,Enabling IridiumMessageSender transmissions
1335596451,INFO,Starting analysis m: 371 t: 0 e: 23
1335596732,WARN,Disabling IridiumMessageSender transmissions
1335597998,INFO,Completed analysis m: 371 t: 0 e: 23
1335598039,INFO,Enabling IridiumMessageSender transmissions
1335647604,INFO,Starting analysis m: 371 t: 0 e: 24
1335647895,WARN,Disabling IridiumMessageSender transmissions
1335649202,INFO,Completed analysis m: 371 t: 0 e: 24
1335649228,INFO,Enabling IridiumMessageSender transmissions
1335667083,INFO,powerData | solV: 0.00
1335667109,INFO,powerData | solI: 0.00
1335667132,INFO,powerData | battV: 4.10
1335667154,INFO,powerData | battI: -0.07
1335667175,INFO,powerData | busV: 4.09
1335667202,INFO,powerData | busI: 0.06
1335667224,INFO,powerData | BQ status reg: 0
1335667245,INFO,powerData | Fault reg: 0
1335667267,INFO,powerData | Charge status: 0
1335667290,INFO,powerData | DPM status: 0
1335698745,INFO,Starting analysis m: 371 t: 0 e: 25
1335699030,WARN,Disabling IridiumMessageSender transmissions
1335700340,INFO,Completed analysis m: 371 t: 0 e: 25
1335700367,INFO,Enabling IridiumMessageSender transmissions
1335700910,INFO,Max CNO changed from 45 to 48
1335749898,INFO,Starting analysis m: 371 t: 0 e: 26
1335750189,WARN,Disabling IridiumMessageSender transmissions
1335751487,INFO,Completed analysis m: 371 t: 0 e: 26
1335751514,INFO,Enabling IridiumMessageSender transmissions
1335801038,INFO,Starting analysis m: 371 t: 0 e: 27
1335801321,WARN,Disabling IridiumMessageSender transmissions
1335802634,INFO,Completed analysis m: 371 t: 0 e: 27
1335802660,INFO,Enabling IridiumMessageSender transmissions
1335852191,INFO,Starting analysis m: 371 t: 0 e: 28
1335852488,WARN,Disabling IridiumMessageSender transmissions
1335853783,INFO,Completed analysis m: 371 t: 0 e: 28
1335853807,INFO,Enabling IridiumMessageSender transmissions
1335903344,INFO,Starting analysis m: 371 t: 0 e: 29
1335903627,WARN,Disabling IridiumMessageSender transmissions
1335904946,INFO,Completed analysis m: 371 t: 0 e: 29
1335905017,INFO,Enabling IridiumMessageSender transmissions
1335954491,INFO,Starting analysis m: 371 t: 0 e: 30
1335954774,WARN,Disabling IridiumMessageSender transmissions
1335956221,INFO,Completed analysis m: 371 t: 0 e: 30
1335956248,INFO,Enabling IridiumMessageSender transmissions
1335967084,INFO,powerData | solV: 0.00
1335967107,INFO,powerData | solI: 0.00
1335967129,INFO,powerData | battV: 4.10
1335967150,INFO,powerData | battI: -0.06
1335967174,INFO,powerData | busV: 4.09
1335967201,INFO,powerData | busI: 0.05
1335967223,INFO,powerData | BQ status reg: 0
1335967246,INFO,powerData | Fault reg: 0
1335967268,INFO,powerData | Charge status: 0
1335967289,INFO,powerData | DPM status: 0
1336005648,INFO,Starting analysis m: 371 t: 0 e: 31
1336005955,WARN,Disabling IridiumMessageSender transmissions
1336007264,INFO,Completed analysis m: 371 t: 0 e: 31
1336007288,INFO,Enabling IridiumMessageSender transmissions
1336056784,INFO,Starting analysis m: 371 t: 0 e: 32
1336057065,WARN,Disabling IridiumMessageSender transmissions
1336058370,INFO,Completed analysis m: 371 t: 0 e: 32
1336058394,INFO,Processing stats m: 371 t: 0 e: 33
1336064622,INFO,Enabling IridiumMessageSender transmissions
1336116269,INFO,Starting collection m: 371 t: 1 at 1648983991.20
1336218206,INFO,Starting analysis m: 371 t: 1 e: 0
1336218488,WARN,Disabling IridiumMessageSender transmissions
1336219553,INFO,Completed analysis m: 371 t: 1 e: 0
1336219588,INFO,Enabling IridiumMessageSender transmissions
1336267091,INFO,powerData | solV: 0.00
1336267114,INFO,powerData | solI: 0.00
1336267137,INFO,powerData | battV: 4.10
1336267157,INFO,powerData | battI: -0.05
1336267180,INFO,powerData | busV: 4.09
1336267206,INFO,powerData | busI: 0.05
1336267227,INFO,powerData | BQ status reg: 0
1336267249,INFO,powerData | Fault reg: 0
1336267274,INFO,powerData | Charge status: 0
1336267298,INFO,powerData | DPM status: 0
1336269355,INFO,Starting analysis m: 371 t: 1 e: 1
1336269645,WARN,Disabling IridiumMessageSender transmissions
1336270950,INFO,Completed analysis m: 371 t: 1 e: 1
1336270974,INFO,Enabling IridiumMessageSender transmissions
1336320499,INFO,Starting analysis m: 371 t: 1 e: 2
1336320784,WARN,Disabling IridiumMessageSender transmissions
1336322097,INFO,Completed analysis m: 371 t: 1 e: 2
1336322121,INFO,Enabling IridiumMessageSender transmissions
1336340242,INFO,Max CNO changed from 48 to 45
1336371648,INFO,Starting analysis m: 371 t: 1 e: 3
1336371941,WARN,Disabling IridiumMessageSender transmissions
1336373192,INFO,Completed analysis m: 371 t: 1 e: 3
1336373217,INFO,Enabling IridiumMessageSender transmissions
1336422793,INFO,Starting analysis m: 371 t: 1 e: 4
1336423081,WARN,Disabling IridiumMessageSender transmissions
1336424341,INFO,Completed analysis m: 371 t: 1 e: 4
1336424368,INFO,Enabling IridiumMessageSender transmissions
1336473950,INFO,Starting analysis m: 371 t: 1 e: 5
1336474232,WARN,Disabling IridiumMessageSender transmissions
1336475539,INFO,Completed analysis m: 371 t: 1 e: 5
1336475564,INFO,Enabling IridiumMessageSender transmissions
1336525094,INFO,Starting analysis m: 371 t: 1 e: 6
1336525387,WARN,Disabling IridiumMessageSender transmissions
1336526743,INFO,Completed analysis m: 371 t: 1 e: 6
1336526770,INFO,Enabling IridiumMessageSender transmissions
1336567101,INFO,powerData | solV: 0.00
1336567123,INFO,powerData | solI: 0.00
1336567146,INFO,powerData | battV: 4.10
1336567166,INFO,powerData | battI: -0.05
1336567189,INFO,powerData | busV: 4.09
1336567212,INFO,powerData | busI: 0.05
1336567232,INFO,powerData | BQ status reg: 0
1336567255,INFO,powerData | Fault reg: 0
1336567277,INFO,powerData | Charge status: 0
1336567298,INFO,powerData | DPM status: 0
1336576256,INFO,Starting analysis m: 371 t: 1 e: 7
1336576546,WARN,Disabling IridiumMessageSender transmissions
1336577867,INFO,Completed analysis m: 371 t: 1 e: 7
1336577892,INFO,Enabling IridiumMessageSender transmissions
1336619945,INFO,Max CNO changed from 45 to 48
1336627392,INFO,Starting analysis m: 371 t: 1 e: 8
1336627685,WARN,Disabling IridiumMessageSender transmissions
1336628979,INFO,Completed analysis m: 371 t: 1 e: 8
1336629004,INFO,Enabling IridiumMessageSender transmissions
1336678543,INFO,Starting analysis m: 371 t: 1 e: 9
1336678823,WARN,Disabling IridiumMessageSender transmissions
1336680378,INFO,Completed analysis m: 371 t: 1 e: 9
1336680402,INFO,Enabling IridiumMessageSender transmissions
1336729681,INFO,Starting analysis m: 371 t: 1 e: 10
1336729964,WARN,Disabling IridiumMessageSender transmissions
1336731283,INFO,Completed analysis m: 371 t: 1 e: 10
1336731308,INFO,Enabling IridiumMessageSender transmissions
1336780826,INFO,Starting analysis m: 371 t: 1 e: 11
1336781121,WARN,Disabling IridiumMessageSender transmissions
1336782417,INFO,Completed analysis m: 371 t: 1 e: 11
1336782442,INFO,Enabling IridiumMessageSender transmissions
1336831985,INFO,Starting analysis m: 371 t: 1 e: 12
1336832268,WARN,Disabling IridiumMessageSender transmissions
1336833572,INFO,Completed analysis m: 371 t: 1 e: 12
1336833597,INFO,Enabling IridiumMessageSender transmissions
1336867131,INFO,powerData | solV: 0.00
1336867155,INFO,powerData | solI: 0.00
1336867178,INFO,powerData | battV: 4.10
1336867205,INFO,powerData | battI: -0.06
1336867225,INFO,powerData | busV: 4.09
1336867248,INFO,powerData | busI: 0.06
1336867268,INFO,powerData | BQ status reg: 0
1336867291,INFO,powerData | Fault reg: 0
1336867313,INFO,powerData | Charge status: 0
1336867334,INFO,powerData | DPM status: 0
1336883122,INFO,Starting analysis m: 371 t: 1 e: 13
1336883412,WARN,Disabling IridiumMessageSender transmissions
1336884711,INFO,Completed analysis m: 371 t: 1 e: 13
1336884738,INFO,Enabling IridiumMessageSender transmissions
1336934277,INFO,Starting analysis m: 371 t: 1 e: 14
1336934559,WARN,Disabling IridiumMessageSender transmissions
1336935866,INFO,Completed analysis m: 371 t: 1 e: 14
1336935892,INFO,Enabling IridiumMessageSender transmissions
1336985425,INFO,Starting analysis m: 371 t: 1 e: 15
1336985708,WARN,Disabling IridiumMessageSender transmissions
1336987072,INFO,Completed analysis m: 371 t: 1 e: 15
1336987097,INFO,Enabling IridiumMessageSender transmissions
1337036574,INFO,Starting analysis m: 371 t: 1 e: 16
1337036900,WARN,Disabling IridiumMessageSender transmissions
1337038200,INFO,Completed analysis m: 371 t: 1 e: 16
1337038225,INFO,Enabling IridiumMessageSender transmissions
1337087719,INFO,Starting analysis m: 371 t: 1 e: 17
1337088004,WARN,Disabling IridiumMessageSender transmissions
1337089308,INFO,Completed analysis m: 371 t: 1 e: 17
1337089333,INFO,Enabling IridiumMessageSender transmissions
1337138868,INFO,Starting analysis m: 371 t: 1 e: 18
1337139154,WARN,Disabling IridiumMessageSender transmissions
1337140606,INFO,Completed analysis m: 371 t: 1 e: 18
1337140631,INFO,Enabling IridiumMessageSender transmissions
1337167132,INFO,powerData | solV: 0.00
1337167159,INFO,powerData | solI: 0.00
1337167183,INFO,powerData | battV: 4.10
1337167204,INFO,powerData | battI: -0.05
1337167226,INFO,powerData | busV: 4.09
1337167247,INFO,powerData | busI: 0.05
1337167271,INFO,powerData | BQ status reg: 0
1337167294,INFO,powerData | Fault reg: 0
1337167314,INFO,powerData | Charge status: 0
1337167341,INFO,powerData | DPM status: 0
1337190008,INFO,Starting analysis m: 371 t: 1 e: 19
1337190301,WARN,Disabling IridiumMessageSender transmissions
1337191598,INFO,Completed analysis m: 371 t: 1 e: 19
1337191622,INFO,Enabling IridiumMessageSender transmissions
1337241155,INFO,Starting analysis m: 371 t: 1 e: 20
1337241438,WARN,Disabling IridiumMessageSender transmissions
1337242753,INFO,Completed analysis m: 371 t: 1 e: 20
1337242777,INFO,Enabling IridiumMessageSender transmissions
1337292298,INFO,Starting analysis m: 371 t: 1 e: 21
1337292589,WARN,Disabling IridiumMessageSender transmissions
1337293887,INFO,Completed analysis m: 371 t: 1 e: 21
1337293912,INFO,Enabling IridiumMessageSender transmissions
1337343444,INFO,Starting analysis m: 371 t: 1 e: 22
1337343725,WARN,Disabling IridiumMessageSender transmissions
1337344985,INFO,Completed analysis m: 371 t: 1 e: 22
1337345009,INFO,Enabling IridiumMessageSender transmissions
1337394597,INFO,Starting analysis m: 371 t: 1 e: 23
1337394894,WARN,Disabling IridiumMessageSender transmissions
1337396183,INFO,Completed analysis m: 371 t: 1 e: 23
1337396207,INFO,Enabling IridiumMessageSender transmissions
1337445744,INFO,Starting analysis m: 371 t: 1 e: 24
1337446025,WARN,Disabling IridiumMessageSender transmissions
1337447370,INFO,Completed analysis m: 371 t: 1 e: 24
1337447395,INFO,Enabling IridiumMessageSender transmissions
1337467136,INFO,powerData | solV: 0.00
1337467158,INFO,powerData | solI: 0.00
1337467183,INFO,powerData | battV: 4.10
1337467203,INFO,powerData | battI: -0.07
1337467226,INFO,powerData | busV: 4.09
1337467250,INFO,powerData | busI: 0.06
1337467273,INFO,powerData | BQ status reg: 0
1337467293,INFO,powerData | Fault reg: 0
1337467316,INFO,powerData | Charge status: 0
1337467336,INFO,powerData | DPM status: 0
1337496885,INFO,Starting analysis m: 371 t: 1 e: 25
1337497165,WARN,Disabling IridiumMessageSender transmissions
1337498529,INFO,Completed analysis m: 371 t: 1 e: 25
1337498558,INFO,Enabling IridiumMessageSender transmissions
1337548046,INFO,Starting analysis m: 371 t: 1 e: 26
1337548343,WARN,Disabling IridiumMessageSender transmissions
1337549654,INFO,Completed analysis m: 371 t: 1 e: 26
1337549678,INFO,Enabling IridiumMessageSender transmissions
1337599180,INFO,Starting analysis m: 371 t: 1 e: 27
1337599463,WARN,Disabling IridiumMessageSender transmissions
1337600770,INFO,Completed analysis m: 371 t: 1 e: 27
1337600794,INFO,Enabling IridiumMessageSender transmissions
1337650323,INFO,Starting analysis m: 371 t: 1 e: 28
1337650616,WARN,Disabling IridiumMessageSender transmissions
1337651863,INFO,Completed analysis m: 371 t: 1 e: 28
1337651888,INFO,Enabling IridiumMessageSender transmissions
1337701470,INFO,Starting analysis m: 371 t: 1 e: 29
1337701752,WARN,Disabling IridiumMessageSender transmissions
1337703010,INFO,Completed analysis m: 371 t: 1 e: 29
1337703036,INFO,Enabling IridiumMessageSender transmissions
1337752621,INFO,Starting analysis m: 371 t: 1 e: 30
1337752913,WARN,Disabling IridiumMessageSender transmissions
1337755129,INFO,Completed analysis m: 371 t: 1 e: 30
1337755154,INFO,Enabling IridiumMessageSender transmissions
1337767145,INFO,powerData | solV: 0.00
1337767168,INFO,powerData | solI: 0.00
1337767190,INFO,powerData | battV: 4.10
1337767211,INFO,powerData | battI: -0.05
1337767233,INFO,powerData | busV: 4.09
1337767256,INFO,powerData | busI: 0.05
1337767276,INFO,powerData | BQ status reg: 0
1337767299,INFO,powerData | Fault reg: 0
1337767327,INFO,powerData | Charge status: 0
1337767352,INFO,powerData | DPM status: 0
1337803780,INFO,Starting analysis m: 371 t: 1 e: 31
1337804062,WARN,Disabling IridiumMessageSender transmissions
1337805373,INFO,Completed analysis m: 371 t: 1 e: 31
1337805398,INFO,Enabling IridiumMessageSender transmissions
1337854930,INFO,Starting analysis m: 371 t: 1 e: 32
1337855223,WARN,Disabling IridiumMessageSender transmissions
1337856518,INFO,Completed analysis m: 371 t: 1 e: 32
1337856544,INFO,Processing stats m: 371 t: 1 e: 33
1337862854,INFO,Finished collection for m: 371 in 1748
1337862881,INFO,Submitting 48 byte / 378 bit message: 
1337862938,DEBUG,m 231 sub to Q at i 0 count: 231
1337862963,DEBUG,1 msgs in Q
1337863010,INFO,Enabling IridiumMessageSender transmissions
1337863047,DEBUG,Sending Q index: 0 id: 231
1337872357,INFO,Send complete: Q index: 0 count_id 231
1337914402,INFO,Starting collection m: 372 t: 0 at 1648985791.20
1337933582,INFO,Submitting 19 byte / 150 bit SMC message: 
1337933629,DEBUG,m 232 sub to Q at i 0 count: 232
1337933654,DEBUG,1 msgs in Q
1337933887,DEBUG,Sending Q index: 0 id: 232
1337944578,INFO,Send complete: Q index: 0 count_id 232
1338016358,INFO,Starting analysis m: 372 t: 0 e: 0
1338016638,WARN,Disabling IridiumMessageSender transmissions
1338017710,INFO,Completed analysis m: 372 t: 0 e: 0
1338017736,INFO,Enabling IridiumMessageSender transmissions
1338067150,INFO,powerData | solV: 0.00
1338067173,INFO,powerData | solI: 0.00
1338067195,INFO,powerData | battV: 4.10
1338067222,INFO,powerData | battI: -0.06
1338067243,INFO,powerData | busV: 4.09
1338067265,INFO,powerData | busI: 0.05
1338067288,INFO,powerData | BQ status reg: 0
1338067308,INFO,powerData | Fault reg: 0
1338067331,INFO,powerData | Charge status: 0
1338067353,INFO,powerData | DPM status: 0
1338067501,INFO,Starting analysis m: 372 t: 0 e: 1
1338067783,WARN,Disabling IridiumMessageSender transmissions
1338069151,INFO,Completed analysis m: 372 t: 0 e: 1
1338069176,INFO,Enabling IridiumMessageSender transmissions
1338118662,INFO,Starting analysis m: 372 t: 0 e: 2
1338118963,WARN,Disabling IridiumMessageSender transmissions
1338120261,INFO,Completed analysis m: 372 t: 0 e: 2
1338120286,INFO,Enabling IridiumMessageSender transmissions
1338169788,INFO,Starting analysis m: 372 t: 0 e: 3
1338170073,WARN,Disabling IridiumMessageSender transmissions
1338171336,INFO,Completed analysis m: 372 t: 0 e: 3
1338171361,INFO,Enabling IridiumMessageSender transmissions
1338220937,INFO,Starting analysis m: 372 t: 0 e: 4
1338221223,WARN,Disabling IridiumMessageSender transmissions
1338222528,INFO,Completed analysis m: 372 t: 0 e: 4
1338222553,INFO,Enabling IridiumMessageSender transmissions
1338272086,INFO,Starting analysis m: 372 t: 0 e: 5
1338272376,WARN,Disabling IridiumMessageSender transmissions
1338273689,INFO,Completed analysis m: 372 t: 0 e: 5
1338273714,INFO,Enabling IridiumMessageSender transmissions
1338323228,INFO,Starting analysis m: 372 t: 0 e: 6
1338323513,WARN,Disabling IridiumMessageSender transmissions
1338324830,INFO,Completed analysis m: 372 t: 0 e: 6
1338324854,INFO,Enabling IridiumMessageSender transmissions
1338367168,INFO,powerData | solV: 0.00
1338367193,INFO,powerData | solI: 0.00
1338367213,INFO,powerData | battV: 4.10
1338367236,INFO,powerData | battI: -0.05
1338367258,INFO,powerData | busV: 4.09
1338367279,INFO,powerData | busI: 0.05
1338367301,INFO,powerData | BQ status reg: 0
1338367322,INFO,powerData | Fault reg: 0
1338367346,INFO,powerData | Charge status: 0
1338367371,INFO,powerData | DPM status: 0
1338374531,INFO,Starting analysis m: 372 t: 0 e: 7
1338375428,WARN,Disabling IridiumMessageSender transmissions
1338376255,WARN,wd unserviced for 817
1338376931,INFO,Completed analysis m: 372 t: 0 e: 7
1338376955,INFO,Enabling IridiumMessageSender transmissions
1338425526,INFO,Starting analysis m: 372 t: 0 e: 8
1338425819,WARN,Disabling IridiumMessageSender transmissions
1338427119,INFO,Completed analysis m: 372 t: 0 e: 8
1338427144,INFO,Enabling IridiumMessageSender transmissions
1338476677,INFO,Starting analysis m: 372 t: 0 e: 9
1338477051,WARN,Disabling IridiumMessageSender transmissions
1338478512,INFO,Completed analysis m: 372 t: 0 e: 9
1338478538,INFO,Enabling IridiumMessageSender transmissions
1338527821,INFO,Starting analysis m: 372 t: 0 e: 10
1338528104,WARN,Disabling IridiumMessageSender transmissions
1338529458,INFO,Completed analysis m: 372 t: 0 e: 10
1338529482,INFO,Enabling IridiumMessageSender transmissions
1338578964,INFO,Starting analysis m: 372 t: 0 e: 11
1338579300,WARN,Disabling IridiumMessageSender transmissions
1338580609,INFO,Completed analysis m: 372 t: 0 e: 11
1338580633,INFO,Enabling IridiumMessageSender transmissions
1338630115,INFO,Starting analysis m: 372 t: 0 e: 12
1338630397,WARN,Disabling IridiumMessageSender transmissions
1338631708,INFO,Completed analysis m: 372 t: 0 e: 12
1338631733,INFO,Enabling IridiumMessageSender transmissions
1338667171,INFO,powerData | solV: 0.00
1338667198,INFO,powerData | solI: 0.00
1338667227,INFO,powerData | battV: 4.09
1338667247,INFO,powerData | battI: -0.07
1338667270,INFO,powerData | busV: 4.09
1338667292,INFO,powerData | busI: 0.06
1338667313,INFO,powerData | BQ status reg: 0
1338667335,INFO,powerData | Fault reg: 0
1338667358,INFO,powerData | Charge status: 0
1338667378,INFO,powerData | DPM status: 0
1338681262,INFO,Starting analysis m: 372 t: 0 e: 13
1338681546,WARN,Disabling IridiumMessageSender transmissions
1338682853,INFO,Completed analysis m: 372 t: 0 e: 13
1338682882,INFO,Enabling IridiumMessageSender transmissions
1338732419,INFO,Starting analysis m: 372 t: 0 e: 14
1338732699,WARN,Disabling IridiumMessageSender transmissions
1338733953,INFO,Completed analysis m: 372 t: 0 e: 14
1338733989,INFO,Enabling IridiumMessageSender transmissions
1338783563,INFO,Starting analysis m: 372 t: 0 e: 15
1338783846,WARN,Disabling IridiumMessageSender transmissions
1338785150,INFO,Completed analysis m: 372 t: 0 e: 15
1338785177,INFO,Enabling IridiumMessageSender transmissions
1338834704,INFO,Starting analysis m: 372 t: 0 e: 16
1338834995,WARN,Disabling IridiumMessageSender transmissions
1338836299,INFO,Completed analysis m: 372 t: 0 e: 16
1338836324,INFO,Enabling IridiumMessageSender transmissions
1338885853,INFO,Starting analysis m: 372 t: 0 e: 17
1338886135,WARN,Disabling IridiumMessageSender transmissions
1338887444,INFO,Completed analysis m: 372 t: 0 e: 17
1338887471,INFO,Enabling IridiumMessageSender transmissions
1338937012,INFO,Starting analysis m: 372 t: 0 e: 18
1338937315,WARN,Disabling IridiumMessageSender transmissions
1338938750,INFO,Completed analysis m: 372 t: 0 e: 18
1338938775,INFO,Enabling IridiumMessageSender transmissions
1338967173,INFO,powerData | solV: 0.00
1338967195,INFO,powerData | solI: 0.00
1338967218,INFO,powerData | battV: 4.10
1338967240,INFO,powerData | battI: -0.06
1338967261,INFO,powerData | busV: 4.09
1338967285,INFO,powerData | busI: 0.05
1338967312,INFO,powerData | BQ status reg: 0
1338967332,INFO,powerData | Fault reg: 0
1338967359,INFO,powerData | Charge status: 0
1338967382,INFO,powerData | DPM status: 0
1338988142,INFO,Starting analysis m: 372 t: 0 e: 19
1338988427,WARN,Disabling IridiumMessageSender transmissions
1338989776,INFO,Completed analysis m: 372 t: 0 e: 19
1338989801,INFO,Enabling IridiumMessageSender transmissions
1339039295,INFO,Starting analysis m: 372 t: 0 e: 20
1339039578,WARN,Disabling IridiumMessageSender transmissions
1339040937,INFO,Completed analysis m: 372 t: 0 e: 20
1339040966,INFO,Enabling IridiumMessageSender transmissions
1339090448,INFO,Starting analysis m: 372 t: 0 e: 21
1339090745,WARN,Disabling IridiumMessageSender transmissions
1339092049,INFO,Completed analysis m: 372 t: 0 e: 21
1339092074,INFO,Enabling IridiumMessageSender transmissions
1339141586,INFO,Starting analysis m: 372 t: 0 e: 22
1339141867,WARN,Disabling IridiumMessageSender transmissions
1339143180,INFO,Completed analysis m: 372 t: 0 e: 22
1339143204,INFO,Enabling IridiumMessageSender transmissions
1339192737,INFO,Starting analysis m: 372 t: 0 e: 23
1339193030,WARN,Disabling IridiumMessageSender transmissions
1339194277,INFO,Completed analysis m: 372 t: 0 e: 23
1339194304,INFO,Enabling IridiumMessageSender transmissions
1339243890,INFO,Starting analysis m: 372 t: 0 e: 24
1339244173,WARN,Disabling IridiumMessageSender transmissions
1339245481,INFO,Completed analysis m: 372 t: 0 e: 24
1339245506,INFO,Enabling IridiumMessageSender transmissions
1339267182,INFO,powerData | solV: 0.00
1339267211,INFO,powerData | solI: 0.00
1339267231,INFO,powerData | battV: 4.09
1339267254,INFO,powerData | battI: -0.07
1339267274,INFO,powerData | busV: 4.08
1339267297,INFO,powerData | busI: 0.06
1339267319,INFO,powerData | BQ status reg: 0
1339267340,INFO,powerData | Fault reg: 0
1339267364,INFO,powerData | Charge status: 0
1339267389,INFO,powerData | DPM status: 0
1339295037,INFO,Starting analysis m: 372 t: 0 e: 25
1339295320,WARN,Disabling IridiumMessageSender transmissions
1339296620,INFO,Completed analysis m: 372 t: 0 e: 25
1339296649,INFO,Enabling IridiumMessageSender transmissions
1339346184,INFO,Starting analysis m: 372 t: 0 e: 26
1339346466,WARN,Disabling IridiumMessageSender transmissions
1339347767,INFO,Completed analysis m: 372 t: 0 e: 26
1339347791,INFO,Enabling IridiumMessageSender transmissions
1339397326,INFO,Starting analysis m: 372 t: 0 e: 27
1339397609,WARN,Disabling IridiumMessageSender transmissions
1339398936,INFO,Completed analysis m: 372 t: 0 e: 27
1339398961,INFO,Enabling IridiumMessageSender transmissions
1339448477,INFO,Starting analysis m: 372 t: 0 e: 28
1339448758,WARN,Disabling IridiumMessageSender transmissions
1339450015,INFO,Completed analysis m: 372 t: 0 e: 28
1339450040,INFO,Enabling IridiumMessageSender transmissions
1339499622,INFO,Starting analysis m: 372 t: 0 e: 29
1339499905,WARN,Disabling IridiumMessageSender transmissions
1339501262,INFO,Completed analysis m: 372 t: 0 e: 29
1339501287,INFO,Enabling IridiumMessageSender transmissions
1339550773,INFO,Starting analysis m: 372 t: 0 e: 30
1339551107,WARN,Disabling IridiumMessageSender transmissions
1339552405,INFO,Completed analysis m: 372 t: 0 e: 30
1339552428,INFO,Enabling IridiumMessageSender transmissions
1339567183,INFO,powerData | solV: 0.00
1339567206,INFO,powerData | solI: 0.00
1339567226,INFO,powerData | battV: 4.10
1339567249,INFO,powerData | battI: -0.05
1339567269,INFO,powerData | busV: 4.09
1339567290,INFO,powerData | busI: 0.05
1339567310,INFO,powerData | BQ status reg: 0
1339567335,INFO,powerData | Fault reg: 0
1339567355,INFO,powerData | Charge status: 0
1339567378,INFO,powerData | DPM status: 0
1339601915,INFO,Starting analysis m: 372 t: 0 e: 31
1339602196,WARN,Disabling IridiumMessageSender transmissions
1339603505,INFO,Completed analysis m: 372 t: 0 e: 31
1339603529,INFO,Enabling IridiumMessageSender transmissions
1339653058,INFO,Starting analysis m: 372 t: 0 e: 32
1339653341,WARN,Disabling IridiumMessageSender transmissions
1339654647,INFO,Completed analysis m: 372 t: 0 e: 32
1339654676,INFO,Processing stats m: 372 t: 0 e: 33
1339660615,INFO,Enabling IridiumMessageSender transmissions
1339712544,INFO,Starting collection m: 372 t: 1 at 1648987591.20
1339814500,INFO,Starting analysis m: 372 t: 1 e: 0
1339814780,WARN,Disabling IridiumMessageSender transmissions
1339815825,INFO,Completed analysis m: 372 t: 1 e: 0
1339815849,INFO,Enabling IridiumMessageSender transmissions
1339865636,INFO,Starting analysis m: 372 t: 1 e: 1
1339865917,WARN,Disabling IridiumMessageSender transmissions
1339867215,INFO,powerData | solV: 0.00
1339867242,INFO,powerData | solI: 0.00
1339867262,INFO,powerData | battV: 4.09
1339867283,INFO,powerData | battI: -0.05
1339867303,INFO,powerData | busV: 4.09
1339867324,INFO,powerData | busI: 0.05
1339867344,INFO,powerData | BQ status reg: 0
1339867367,INFO,powerData | Fault reg: 0
1339867387,INFO,powerData | Charge status: 0
1339867408,INFO,powerData | DPM status: 0
1339867439,INFO,Completed analysis m: 372 t: 1 e: 1
1339867463,INFO,Enabling IridiumMessageSender transmissions
1339916783,INFO,Starting analysis m: 372 t: 1 e: 2
1339917076,WARN,Disabling IridiumMessageSender transmissions
1339918383,INFO,Completed analysis m: 372 t: 1 e: 2
1339918407,INFO,Enabling IridiumMessageSender transmissions
1339967930,INFO,Starting analysis m: 372 t: 1 e: 3
1339968212,WARN,Disabling IridiumMessageSender transmissions
1339969536,INFO,Completed analysis m: 372 t: 1 e: 3
1339969560,INFO,Enabling IridiumMessageSender transmissions
1340019075,INFO,Starting analysis m: 372 t: 1 e: 4
1340019372,WARN,Disabling IridiumMessageSender transmissions
1340020668,INFO,Completed analysis m: 372 t: 1 e: 4
1340020695,INFO,Enabling IridiumMessageSender transmissions
1340070236,INFO,Starting analysis m: 372 t: 1 e: 5
1340070518,WARN,Disabling IridiumMessageSender transmissions
1340071864,INFO,Completed analysis m: 372 t: 1 e: 5
1340071890,INFO,Enabling IridiumMessageSender transmissions
1340121370,INFO,Starting analysis m: 372 t: 1 e: 6
1340121702,WARN,Disabling IridiumMessageSender transmissions
1340123004,INFO,Completed analysis m: 372 t: 1 e: 6
1340123031,INFO,Enabling IridiumMessageSender transmissions
1340167223,INFO,powerData | solV: 0.00
1340167249,INFO,powerData | solI: 0.00
1340167274,INFO,powerData | battV: 4.09
1340167294,INFO,powerData | battI: -0.05
1340167317,INFO,powerData | busV: 4.09
1340167337,INFO,powerData | busI: 0.05
1340167360,INFO,powerData | BQ status reg: 0
1340167380,INFO,powerData | Fault reg: 0
1340167403,INFO,powerData | Charge status: 0
1340167430,INFO,powerData | DPM status: 0
1340172533,INFO,Starting analysis m: 372 t: 1 e: 7
1340172816,WARN,Disabling IridiumMessageSender transmissions
1340174127,INFO,Completed analysis m: 372 t: 1 e: 7
1340174151,INFO,Enabling IridiumMessageSender transmissions
1340223666,INFO,Starting analysis m: 372 t: 1 e: 8
1340223959,WARN,Disabling IridiumMessageSender transmissions
1340225261,INFO,Completed analysis m: 372 t: 1 e: 8
1340225288,INFO,Enabling IridiumMessageSender transmissions
1340274821,INFO,Starting analysis m: 372 t: 1 e: 9
1340275105,WARN,Disabling IridiumMessageSender transmissions
1340276658,INFO,Completed analysis m: 372 t: 1 e: 9
1340276684,INFO,Enabling IridiumMessageSender transmissions
1340325974,INFO,Starting analysis m: 372 t: 1 e: 10
1340326254,WARN,Disabling IridiumMessageSender transmissions
1340327559,INFO,Completed analysis m: 372 t: 1 e: 10
1340327585,INFO,Enabling IridiumMessageSender transmissions
1340377108,INFO,Starting analysis m: 372 t: 1 e: 11
1340377405,WARN,Disabling IridiumMessageSender transmissions
1340378701,INFO,Completed analysis m: 372 t: 1 e: 11
1340378726,INFO,Enabling IridiumMessageSender transmissions
1340428263,INFO,Starting analysis m: 372 t: 1 e: 12
1340428546,WARN,Disabling IridiumMessageSender transmissions
1340429856,INFO,Completed analysis m: 372 t: 1 e: 12
1340429883,INFO,Enabling IridiumMessageSender transmissions
1340467224,INFO,powerData | solV: 0.00
1340467247,INFO,powerData | solI: 0.00
1340467269,INFO,powerData | battV: 4.09
1340467294,INFO,powerData | battI: -0.06
1340467316,INFO,powerData | busV: 4.09
1340467341,INFO,powerData | busI: 0.06
1340467365,INFO,powerData | BQ status reg: 0
1340467388,INFO,powerData | Fault reg: 0
1340467408,INFO,powerData | Charge status: 0
1340467431,INFO,powerData | DPM status: 0
1340479412,INFO,Starting analysis m: 372 t: 1 e: 13
1340479703,WARN,Disabling IridiumMessageSender transmissions
1340480999,INFO,Completed analysis m: 372 t: 1 e: 13
1340481024,INFO,Enabling IridiumMessageSender transmissions
1340530548,INFO,Starting analysis m: 372 t: 1 e: 14
1340530829,WARN,Disabling IridiumMessageSender transmissions
1340532178,INFO,Completed analysis m: 372 t: 1 e: 14
1340532205,INFO,Enabling IridiumMessageSender transmissions
1340581701,INFO,Starting analysis m: 372 t: 1 e: 15
1340581984,WARN,Disabling IridiumMessageSender transmissions
1340583346,INFO,Completed analysis m: 372 t: 1 e: 15
1340583370,INFO,Enabling IridiumMessageSender transmissions
1340632854,INFO,Starting analysis m: 372 t: 1 e: 16
1340633155,WARN,Disabling IridiumMessageSender transmissions
1340634447,INFO,Completed analysis m: 372 t: 1 e: 16
1340634474,INFO,Enabling IridiumMessageSender transmissions
1340683999,INFO,Starting analysis m: 372 t: 1 e: 17
1340684281,WARN,Disabling IridiumMessageSender transmissions
1340685592,INFO,Completed analysis m: 372 t: 1 e: 17
1340685619,INFO,Enabling IridiumMessageSender transmissions
1340735143,INFO,Starting analysis m: 372 t: 1 e: 18
1340735434,WARN,Disabling IridiumMessageSender transmissions
1340736626,INFO,Completed analysis m: 372 t: 1 e: 18
1340736655,INFO,Enabling IridiumMessageSender transmissions
1340767232,INFO,powerData | solV: 0.00
1340767254,INFO,powerData | solI: 0.00
1340767277,INFO,powerData | battV: 4.09
1340767297,INFO,powerData | battI: -0.05
1340767320,INFO,powerData | busV: 4.09
1340767340,INFO,powerData | busI: 0.05
1340767363,INFO,powerData | BQ status reg: 0
1340767383,INFO,powerData | Fault reg: 0
1340767408,INFO,powerData | Charge status: 0
1340767438,INFO,powerData | DPM status: 0
1340786286,INFO,Starting analysis m: 372 t: 1 e: 19
1340786569,WARN,Disabling IridiumMessageSender transmissions
1340787877,INFO,Completed analysis m: 372 t: 1 e: 19
1340787902,INFO,Enabling IridiumMessageSender transmissions
1340837441,INFO,Starting analysis m: 372 t: 1 e: 20
1340837722,WARN,Disabling IridiumMessageSender transmissions
1340839028,INFO,Completed analysis m: 372 t: 1 e: 20
1340839053,INFO,Enabling IridiumMessageSender transmissions
1340888578,INFO,Starting analysis m: 372 t: 1 e: 21
1340888868,WARN,Disabling IridiumMessageSender transmissions
1340890169,INFO,Completed analysis m: 372 t: 1 e: 21
1340890193,INFO,Enabling IridiumMessageSender transmissions
1340939720,INFO,Starting analysis m: 372 t: 1 e: 22
1340940003,WARN,Disabling IridiumMessageSender transmissions
1340941322,INFO,Completed analysis m: 372 t: 1 e: 22
1340941346,INFO,Enabling IridiumMessageSender transmissions
1340990867,INFO,Starting analysis m: 372 t: 1 e: 23
1340991174,WARN,Disabling IridiumMessageSender transmissions
1340992473,INFO,Completed analysis m: 372 t: 1 e: 23
1340992499,INFO,Enabling IridiumMessageSender transmissions
1341042014,INFO,Starting analysis m: 372 t: 1 e: 24
1341042296,WARN,Disabling IridiumMessageSender transmissions
1341043648,INFO,Completed analysis m: 372 t: 1 e: 24
1341043675,INFO,Enabling IridiumMessageSender transmissions
1341067237,INFO,powerData | solV: 0.00
1341067259,INFO,powerData | solI: 0.00
1341067286,INFO,powerData | battV: 4.09
1341067307,INFO,powerData | battI: -0.07
1341067329,INFO,powerData | busV: 4.08
1341067350,INFO,powerData | busI: 0.06
1341067372,INFO,powerData | BQ status reg: 0
1341067395,INFO,powerData | Fault reg: 0
1341067415,INFO,powerData | Charge status: 0
1341067438,INFO,powerData | DPM status: 0
1341093171,INFO,Starting analysis m: 372 t: 1 e: 25
1341093490,WARN,Disabling IridiumMessageSender transmissions
1341094803,INFO,Completed analysis m: 372 t: 1 e: 25
1341094832,INFO,Enabling IridiumMessageSender transmissions
1341144320,INFO,Starting analysis m: 372 t: 1 e: 26
1341144612,WARN,Disabling IridiumMessageSender transmissions
1341145909,INFO,Completed analysis m: 372 t: 1 e: 26
1341145933,INFO,Enabling IridiumMessageSender transmissions
1341195468,INFO,Starting analysis m: 372 t: 1 e: 27
1341195749,WARN,Disabling IridiumMessageSender transmissions
1341197072,INFO,Completed analysis m: 372 t: 1 e: 27
1341197096,INFO,Enabling IridiumMessageSender transmissions
1341246613,INFO,Starting analysis m: 372 t: 1 e: 28
1341246904,WARN,Disabling IridiumMessageSender transmissions
1341248206,INFO,Completed analysis m: 372 t: 1 e: 28
1341248231,INFO,Enabling IridiumMessageSender transmissions
1341297752,INFO,Starting analysis m: 372 t: 1 e: 29
1341298034,WARN,Disabling IridiumMessageSender transmissions
1341299345,INFO,Completed analysis m: 372 t: 1 e: 29
1341299372,INFO,Enabling IridiumMessageSender transmissions
1341348915,INFO,Starting analysis m: 372 t: 1 e: 30
1341349206,WARN,Disabling IridiumMessageSender transmissions
1341350545,INFO,Completed analysis m: 372 t: 1 e: 30
1341350569,INFO,Enabling IridiumMessageSender transmissions
1341367267,INFO,powerData | solV: 0.00
1341367291,INFO,powerData | solI: 0.00
1341367312,INFO,powerData | battV: 4.08
1341367334,INFO,powerData | battI: -0.15
1341367357,INFO,powerData | busV: 4.06
1341367377,INFO,powerData | busI: 0.14
1341367400,INFO,powerData | BQ status reg: 0
1341367420,INFO,powerData | Fault reg: 0
1341367447,INFO,powerData | Charge status: 0
1341367470,INFO,powerData | DPM status: 0
1341400047,INFO,Starting analysis m: 372 t: 1 e: 31
1341400338,WARN,Disabling IridiumMessageSender transmissions
1341401636,INFO,Completed analysis m: 372 t: 1 e: 31
1341401663,INFO,Enabling IridiumMessageSender transmissions
1341451198,INFO,Starting analysis m: 372 t: 1 e: 32
1341451483,WARN,Disabling IridiumMessageSender transmissions
1341452800,INFO,Completed analysis m: 372 t: 1 e: 32
1341452824,INFO,Processing stats m: 372 t: 1 e: 33
1341459056,INFO,Finished collection for m: 372 in 1748
1341459081,INFO,Submitting 48 byte / 378 bit message: 
1341459140,DEBUG,m 233 sub to Q at i 0 count: 233
1341459165,DEBUG,1 msgs in Q
1341459214,INFO,Enabling IridiumMessageSender transmissions
1341459249,DEBUG,Sending Q index: 0 id: 233
1341476933,INFO,Send complete: Q index: 0 count_id 233
1341510682,INFO,Starting collection m: 373 t: 0 at 1648989391.20
1341529307,INFO,Submitting 19 byte / 150 bit SMC message: 
1341529354,DEBUG,m 234 sub to Q at i 0 count: 234
1341529378,DEBUG,1 msgs in Q
1341529544,DEBUG,Sending Q index: 0 id: 234
1341538250,INFO,Send complete: Q index: 0 count_id 234
1341612632,INFO,Starting analysis m: 373 t: 0 e: 0
1341612924,WARN,Disabling IridiumMessageSender transmissions
1341613971,INFO,Completed analysis m: 373 t: 0 e: 0
1341613998,INFO,Enabling IridiumMessageSender transmissions
1341663770,INFO,Starting analysis m: 373 t: 0 e: 1
1341664053,WARN,Disabling IridiumMessageSender transmissions
1341665417,INFO,Completed analysis m: 373 t: 0 e: 1
1341665441,INFO,Enabling IridiumMessageSender transmissions
1341667270,INFO,powerData | solV: 0.00
1341667297,INFO,powerData | solI: 0.00
1341667319,INFO,powerData | battV: 4.08
1341667342,INFO,powerData | battI: -0.14
1341667364,INFO,powerData | busV: 4.06
1341667385,INFO,powerData | busI: 0.14
1341667407,INFO,powerData | BQ status reg: 0
1341667428,INFO,powerData | Fault reg: 0
1341667450,INFO,powerData | Charge status: 0
1341667471,INFO,powerData | DPM status: 0
1341714927,INFO,Starting analysis m: 373 t: 0 e: 2
1341715222,WARN,Disabling IridiumMessageSender transmissions
1341716525,INFO,Completed analysis m: 373 t: 0 e: 2
1341716549,INFO,Enabling IridiumMessageSender transmissions
1341766070,INFO,Starting analysis m: 373 t: 0 e: 3
1341766352,WARN,Disabling IridiumMessageSender transmissions
1341767661,INFO,Completed analysis m: 373 t: 0 e: 3
1341767686,INFO,Enabling IridiumMessageSender transmissions
1341817221,INFO,Starting analysis m: 373 t: 0 e: 4
1341817516,WARN,Disabling IridiumMessageSender transmissions
1341818806,INFO,Completed analysis m: 373 t: 0 e: 4
1341818828,INFO,Enabling IridiumMessageSender transmissions
1341868361,INFO,Starting analysis m: 373 t: 0 e: 5
1341868642,WARN,Disabling IridiumMessageSender transmissions
1341869897,INFO,Completed analysis m: 373 t: 0 e: 5
1341869922,INFO,Enabling IridiumMessageSender transmissions
1341919506,INFO,Starting analysis m: 373 t: 0 e: 6
1341919795,WARN,Disabling IridiumMessageSender transmissions
1341921112,INFO,Completed analysis m: 373 t: 0 e: 6
1341921134,INFO,Enabling IridiumMessageSender transmissions
1341967278,INFO,powerData | solV: 0.00
1341967300,INFO,powerData | solI: 0.00
1341967321,INFO,powerData | battV: 4.08
1341967341,INFO,powerData | battI: -0.18
1341967364,INFO,powerData | busV: 4.06
1341967386,INFO,powerData | busI: 0.16
1341967411,INFO,powerData | BQ status reg: 0
1341967433,INFO,powerData | Fault reg: 0
1341967454,INFO,powerData | Charge status: 0
1341967478,INFO,powerData | DPM status: 0
1341970655,INFO,Starting analysis m: 373 t: 0 e: 7
1341970935,WARN,Disabling IridiumMessageSender transmissions
1341972244,INFO,Completed analysis m: 373 t: 0 e: 7
1341972269,INFO,Enabling IridiumMessageSender transmissions
1342021799,INFO,Starting analysis m: 373 t: 0 e: 8
1342022082,WARN,Disabling IridiumMessageSender transmissions
1342023393,INFO,Completed analysis m: 373 t: 0 e: 8
1342023417,INFO,Enabling IridiumMessageSender transmissions
1342072948,INFO,Starting analysis m: 373 t: 0 e: 9
1342073333,WARN,Disabling IridiumMessageSender transmissions
1342074796,INFO,Completed analysis m: 373 t: 0 e: 9
1342074820,INFO,Enabling IridiumMessageSender transmissions
1342124105,INFO,Starting analysis m: 373 t: 0 e: 10
1342124386,WARN,Disabling IridiumMessageSender transmissions
1342125733,INFO,Completed analysis m: 373 t: 0 e: 10
1342125758,INFO,Enabling IridiumMessageSender transmissions
1342175250,INFO,Starting analysis m: 373 t: 0 e: 11
1342175584,WARN,Disabling IridiumMessageSender transmissions
1342176886,INFO,Completed analysis m: 373 t: 0 e: 11
1342176911,INFO,Enabling IridiumMessageSender transmissions
1342226397,INFO,Starting analysis m: 373 t: 0 e: 12
1342226679,WARN,Disabling IridiumMessageSender transmissions
1342227982,INFO,Completed analysis m: 373 t: 0 e: 12
1342228006,INFO,Enabling IridiumMessageSender transmissions
1342267281,INFO,powerData | solV: 0.00
1342267303,INFO,powerData | solI: 0.00
1342267324,INFO,powerData | battV: 4.08
1342267348,INFO,powerData | battI: -0.17
1342267369,INFO,powerData | busV: 4.06
1342267389,INFO,powerData | busI: 0.15
1342267412,INFO,powerData | BQ status reg: 0
1342267432,INFO,powerData | Fault reg: 0
1342267455,INFO,powerData | Charge status: 0
1342267482,INFO,powerData | DPM status: 0
1342277543,INFO,Starting analysis m: 373 t: 0 e: 13
1342277824,WARN,Disabling IridiumMessageSender transmissions
1342279135,INFO,Completed analysis m: 373 t: 0 e: 13
1342279157,INFO,Enabling IridiumMessageSender transmissions
1342328680,INFO,Starting analysis m: 373 t: 0 e: 14
1342328969,WARN,Disabling IridiumMessageSender transmissions
1342330216,INFO,Completed analysis m: 373 t: 0 e: 14
1342330241,INFO,Enabling IridiumMessageSender transmissions
1342334038,INFO,Max CNO changed from 48 to 45
1342379827,INFO,Starting analysis m: 373 t: 0 e: 15
1342380107,WARN,Disabling IridiumMessageSender transmissions
1342381369,INFO,Completed analysis m: 373 t: 0 e: 15
1342381393,INFO,Enabling IridiumMessageSender transmissions
1342430986,INFO,Starting analysis m: 373 t: 0 e: 16
1342431279,WARN,Disabling IridiumMessageSender transmissions
1342432571,INFO,Completed analysis m: 373 t: 0 e: 16
1342432595,INFO,Enabling IridiumMessageSender transmissions
1342482135,INFO,Starting analysis m: 373 t: 0 e: 17
1342482415,WARN,Disabling IridiumMessageSender transmissions
1342483720,INFO,Completed analysis m: 373 t: 0 e: 17
1342483744,INFO,Enabling IridiumMessageSender transmissions
1342533271,INFO,Starting analysis m: 373 t: 0 e: 18
1342533568,WARN,Disabling IridiumMessageSender transmissions
1342534776,INFO,Completed analysis m: 373 t: 0 e: 18
1342534805,INFO,Enabling IridiumMessageSender transmissions
1342567286,INFO,powerData | solV: 0.00
1342567309,INFO,powerData | solI: 0.00
1342567329,INFO,powerData | battV: 4.07
1342567350,INFO,powerData | battI: -0.19
1342567370,INFO,powerData | busV: 4.06
1342567391,INFO,powerData | busI: 0.19
1342567411,INFO,powerData | BQ status reg: 0
1342567432,INFO,powerData | Fault reg: 0
1342567456,INFO,powerData | Charge status: 0
1342567477,INFO,powerData | DPM status: 0
1342584428,INFO,Starting analysis m: 373 t: 0 e: 19
1342584707,WARN,Disabling IridiumMessageSender transmissions
1342586054,INFO,Completed analysis m: 373 t: 0 e: 19
1342586077,INFO,Enabling IridiumMessageSender transmissions
1342635567,INFO,Starting analysis m: 373 t: 0 e: 20
1342635847,WARN,Disabling IridiumMessageSender transmissions
1342637203,INFO,Completed analysis m: 373 t: 0 e: 20
1342637232,INFO,Enabling IridiumMessageSender transmissions
1342686717,INFO,Starting analysis m: 373 t: 0 e: 21
1342687014,WARN,Disabling IridiumMessageSender transmissions
1342688307,INFO,Completed analysis m: 373 t: 0 e: 21
1342688331,INFO,Enabling IridiumMessageSender transmissions
1342737881,INFO,Starting analysis m: 373 t: 0 e: 22
1342738167,WARN,Disabling IridiumMessageSender transmissions
1342739464,INFO,Completed analysis m: 373 t: 0 e: 22
1342739488,INFO,Enabling IridiumMessageSender transmissions
1342789015,INFO,Starting analysis m: 373 t: 0 e: 23
1342789308,WARN,Disabling IridiumMessageSender transmissions
1342790608,INFO,Completed analysis m: 373 t: 0 e: 23
1342790633,INFO,Enabling IridiumMessageSender transmissions
1342840162,INFO,Starting analysis m: 373 t: 0 e: 24
1342840442,WARN,Disabling IridiumMessageSender transmissions
1342841747,INFO,Completed analysis m: 373 t: 0 e: 24
1342841772,INFO,Enabling IridiumMessageSender transmissions
1342867318,INFO,powerData | solV: 0.00
1342867345,INFO,powerData | solI: 0.00
1342867365,INFO,powerData | battV: 4.07
1342867386,INFO,powerData | battI: -0.18
1342867406,INFO,powerData | busV: 4.06
1342867427,INFO,powerData | busI: 0.18
1342867449,INFO,powerData | BQ status reg: 0
1342867470,INFO,powerData | Fault reg: 0
1342867490,INFO,powerData | Charge status: 0
1342867511,INFO,powerData | DPM status: 0
1342891304,INFO,Starting analysis m: 373 t: 0 e: 25
1342891585,WARN,Disabling IridiumMessageSender transmissions
1342892892,INFO,Completed analysis m: 373 t: 0 e: 25
1342892920,INFO,Enabling IridiumMessageSender transmissions
1342893457,INFO,Max CNO changed from 45 to 48
1342942455,INFO,Starting analysis m: 373 t: 0 e: 26
1342942736,WARN,Disabling IridiumMessageSender transmissions
1342943993,INFO,Completed analysis m: 373 t: 0 e: 26
1342944018,INFO,Enabling IridiumMessageSender transmissions
1342993604,INFO,Starting analysis m: 373 t: 0 e: 27
1342993885,WARN,Disabling IridiumMessageSender transmissions
1342995197,INFO,Completed analysis m: 373 t: 0 e: 27
1342995226,INFO,Enabling IridiumMessageSender transmissions
1343044741,INFO,Starting analysis m: 373 t: 0 e: 28
1343045029,WARN,Disabling IridiumMessageSender transmissions
1343046336,INFO,Completed analysis m: 373 t: 0 e: 28
1343046361,INFO,Enabling IridiumMessageSender transmissions
1343095896,INFO,Starting analysis m: 373 t: 0 e: 29
1343096178,WARN,Disabling IridiumMessageSender transmissions
1343097528,INFO,Completed analysis m: 373 t: 0 e: 29
1343097552,INFO,Enabling IridiumMessageSender transmissions
1343147044,INFO,Starting analysis m: 373 t: 0 e: 30
1343147364,WARN,Disabling IridiumMessageSender transmissions
1343148746,INFO,Completed analysis m: 373 t: 0 e: 30
1343148771,INFO,Enabling IridiumMessageSender transmissions
1343167320,INFO,powerData | solV: 0.00
1343167346,INFO,powerData | solI: 0.00
1343167369,INFO,powerData | battV: 4.07
1343167389,INFO,powerData | battI: -0.18
1343167410,INFO,powerData | busV: 4.06
1343167430,INFO,powerData | busI: 0.19
1343167455,INFO,powerData | BQ status reg: 0
1343167475,INFO,powerData | Fault reg: 0
1343167498,INFO,powerData | Charge status: 0
1343167518,INFO,powerData | DPM status: 0
1343198185,INFO,Starting analysis m: 373 t: 0 e: 31
1343198476,WARN,Disabling IridiumMessageSender transmissions
1343199772,INFO,Completed analysis m: 373 t: 0 e: 31
1343199797,INFO,Enabling IridiumMessageSender transmissions
1343249336,INFO,Starting analysis m: 373 t: 0 e: 32
1343249618,WARN,Disabling IridiumMessageSender transmissions
1343250925,INFO,Completed analysis m: 373 t: 0 e: 32
1343250950,INFO,Processing stats m: 373 t: 0 e: 33
1343256866,INFO,Enabling IridiumMessageSender transmissions
1343308816,INFO,Starting collection m: 373 t: 1 at 1648991191.20
1343410759,INFO,Starting analysis m: 373 t: 1 e: 0
1343411042,WARN,Disabling IridiumMessageSender transmissions
1343412097,INFO,Completed analysis m: 373 t: 1 e: 0
1343412121,INFO,Enabling IridiumMessageSender transmissions
1343461947,INFO,Starting analysis m: 373 t: 1 e: 1
1343462301,WARN,Disabling IridiumMessageSender transmissions
1343463530,INFO,Completed analysis m: 373 t: 1 e: 1
1343463553,INFO,Enabling IridiumMessageSender transmissions
1343467327,INFO,powerData | solV: 0.00
1343467350,INFO,powerData | solI: 0.00
1343467370,INFO,powerData | battV: 4.07
1343467390,INFO,powerData | battI: -0.22
1343467413,INFO,powerData | busV: 4.05
1343467438,INFO,powerData | busI: 0.21
1343467460,INFO,powerData | BQ status reg: 0
1343467481,INFO,powerData | Fault reg: 0
1343467505,INFO,powerData | Charge status: 0
1343467526,INFO,powerData | DPM status: 0
1343513057,INFO,Starting analysis m: 373 t: 1 e: 2
1343513337,WARN,Disabling IridiumMessageSender transmissions
1343514648,INFO,Completed analysis m: 373 t: 1 e: 2
1343514673,INFO,Enabling IridiumMessageSender transmissions
1343564201,INFO,Starting analysis m: 373 t: 1 e: 3
1343564482,WARN,Disabling IridiumMessageSender transmissions
1343565737,INFO,Completed analysis m: 373 t: 1 e: 3
1343565762,INFO,Enabling IridiumMessageSender transmissions
1343615358,INFO,Starting analysis m: 373 t: 1 e: 4
1343615641,WARN,Disabling IridiumMessageSender transmissions
1343616944,INFO,Completed analysis m: 373 t: 1 e: 4
1343616968,INFO,Enabling IridiumMessageSender transmissions
1343666495,INFO,Starting analysis m: 373 t: 1 e: 5
1343666778,WARN,Disabling IridiumMessageSender transmissions
1343668035,INFO,Completed analysis m: 373 t: 1 e: 5
1343668107,INFO,Enabling IridiumMessageSender transmissions
1343717642,INFO,Starting analysis m: 373 t: 1 e: 6
1343717937,WARN,Disabling IridiumMessageSender transmissions
1343719282,INFO,Completed analysis m: 373 t: 1 e: 6
1343719307,INFO,Enabling IridiumMessageSender transmissions
1343767336,INFO,powerData | solV: 0.00
1343767359,INFO,powerData | solI: 0.00
1343767379,INFO,powerData | battV: 4.07
1343767400,INFO,powerData | battI: -0.21
1343767420,INFO,powerData | busV: 4.05
1343767441,INFO,powerData | busI: 0.21
1343767463,INFO,powerData | BQ status reg: 0
1343767484,INFO,powerData | Fault reg: 0
1343767513,INFO,powerData | Charge status: 0
1343767537,INFO,powerData | DPM status: 0
1343768805,INFO,Starting analysis m: 373 t: 1 e: 7
1343769092,WARN,Disabling IridiumMessageSender transmissions
1343770388,INFO,Completed analysis m: 373 t: 1 e: 7
1343770413,INFO,Enabling IridiumMessageSender transmissions
1343819935,INFO,Starting analysis m: 373 t: 1 e: 8
1343820226,WARN,Disabling IridiumMessageSender transmissions
1343821475,INFO,Completed analysis m: 373 t: 1 e: 8
1343821504,INFO,Enabling IridiumMessageSender transmissions
1343871092,INFO,Starting analysis m: 373 t: 1 e: 9
1343871373,WARN,Disabling IridiumMessageSender transmissions
1343872931,INFO,Completed analysis m: 373 t: 1 e: 9
1343872956,INFO,Enabling IridiumMessageSender transmissions
1343922229,INFO,Starting analysis m: 373 t: 1 e: 10
1343922509,WARN,Disabling IridiumMessageSender transmissions
1343923773,INFO,Completed analysis m: 373 t: 1 e: 10
1343923798,INFO,Enabling IridiumMessageSender transmissions
1343973376,INFO,Starting analysis m: 373 t: 1 e: 11
1343973668,WARN,Disabling IridiumMessageSender transmissions
1343974969,INFO,Completed analysis m: 373 t: 1 e: 11
1343974993,INFO,Enabling IridiumMessageSender transmissions
1344024528,INFO,Starting analysis m: 373 t: 1 e: 12
1344024811,WARN,Disabling IridiumMessageSender transmissions
1344026116,INFO,Completed analysis m: 373 t: 1 e: 12
1344026140,INFO,Enabling IridiumMessageSender transmissions
1344067344,INFO,powerData | solV: 0.00
1344067368,INFO,powerData | solI: 0.00
1344067389,INFO,powerData | battV: 4.07
1344067411,INFO,powerData | battI: -0.22
1344067432,INFO,powerData | busV: 4.05
1344067452,INFO,powerData | busI: 0.20
1344067473,INFO,powerData | BQ status reg: 0
1344067493,INFO,powerData | Fault reg: 0
1344067514,INFO,powerData | Charge status: 0
1344067534,INFO,powerData | DPM status: 0
1344075681,INFO,Starting analysis m: 373 t: 1 e: 13
1344075972,WARN,Disabling IridiumMessageSender transmissions
1344077264,INFO,Completed analysis m: 373 t: 1 e: 13
1344077293,INFO,Enabling IridiumMessageSender transmissions
1344126816,INFO,Starting analysis m: 373 t: 1 e: 14
1344127098,WARN,Disabling IridiumMessageSender transmissions
1344128409,INFO,Completed analysis m: 373 t: 1 e: 14
1344128434,INFO,Enabling IridiumMessageSender transmissions
1344177965,INFO,Starting analysis m: 373 t: 1 e: 15
1344178245,WARN,Disabling IridiumMessageSender transmissions
1344179593,INFO,Completed analysis m: 373 t: 1 e: 15
1344179617,INFO,Enabling IridiumMessageSender transmissions
1344229115,INFO,Starting analysis m: 373 t: 1 e: 16
1344229435,WARN,Disabling IridiumMessageSender transmissions
1344230744,INFO,Completed analysis m: 373 t: 1 e: 16
1344230768,INFO,Enabling IridiumMessageSender transmissions
1344280258,INFO,Starting analysis m: 373 t: 1 e: 17
1344280539,WARN,Disabling IridiumMessageSender transmissions
1344281849,INFO,Completed analysis m: 373 t: 1 e: 17
1344281874,INFO,Enabling IridiumMessageSender transmissions
1344331413,INFO,Starting analysis m: 373 t: 1 e: 18
1344331696,WARN,Disabling IridiumMessageSender transmissions
1344332892,INFO,Completed analysis m: 373 t: 1 e: 18
1344332918,INFO,Enabling IridiumMessageSender transmissions
1344367351,INFO,powerData | solV: 0.00
1344367374,INFO,powerData | solI: 0.00
1344367394,INFO,powerData | battV: 4.07
1344367415,INFO,powerData | battI: -0.22
1344367437,INFO,powerData | busV: 4.05
1344367458,INFO,powerData | busI: 0.20
1344367478,INFO,powerData | BQ status reg: 0
1344367503,INFO,powerData | Fault reg: 0
1344367523,INFO,powerData | Charge status: 0
1344367544,INFO,powerData | DPM status: 0
1344382558,INFO,Starting analysis m: 373 t: 1 e: 19
1344382838,WARN,Disabling IridiumMessageSender transmissions
1344384149,INFO,Completed analysis m: 373 t: 1 e: 19
1344384174,INFO,Enabling IridiumMessageSender transmissions
1344433704,INFO,Starting analysis m: 373 t: 1 e: 20
1344433995,WARN,Disabling IridiumMessageSender transmissions
1344435245,INFO,Completed analysis m: 373 t: 1 e: 20
1344435273,INFO,Enabling IridiumMessageSender transmissions
1344484855,INFO,Starting analysis m: 373 t: 1 e: 21
1344485136,WARN,Disabling IridiumMessageSender transmissions
1344486440,INFO,Completed analysis m: 373 t: 1 e: 21
1344486465,INFO,Enabling IridiumMessageSender transmissions
1344535998,INFO,Starting analysis m: 373 t: 1 e: 22
1344536281,WARN,Disabling IridiumMessageSender transmissions
1344537542,INFO,Completed analysis m: 373 t: 1 e: 22
1344537567,INFO,Enabling IridiumMessageSender transmissions
1344587147,INFO,Starting analysis m: 373 t: 1 e: 23
1344587429,WARN,Disabling IridiumMessageSender transmissions
1344588734,INFO,Completed analysis m: 373 t: 1 e: 23
1344588759,INFO,Enabling IridiumMessageSender transmissions
1344631660,INFO,Max CNO changed from 48 to 45
1344638298,INFO,Starting analysis m: 373 t: 1 e: 24
1344638578,WARN,Disabling IridiumMessageSender transmissions
1344639936,INFO,Completed analysis m: 373 t: 1 e: 24
1344639961,INFO,Enabling IridiumMessageSender transmissions
1344667359,INFO,powerData | solV: 0.00
1344667383,INFO,powerData | solI: 0.00
1344667408,INFO,powerData | battV: 4.07
1344667428,INFO,powerData | battI: -0.17
1344667449,INFO,powerData | busV: 4.06
1344667469,INFO,powerData | busI: 0.15
1344667490,INFO,powerData | BQ status reg: 0
1344667510,INFO,powerData | Fault reg: 0
1344667531,INFO,powerData | Charge status: 0
1344667551,INFO,powerData | DPM status: 0
1344689436,INFO,Starting analysis m: 373 t: 1 e: 25
1344689727,WARN,Disabling IridiumMessageSender transmissions
1344691077,INFO,Completed analysis m: 373 t: 1 e: 25
1344691101,INFO,Enabling IridiumMessageSender transmissions
1344740595,INFO,Starting analysis m: 373 t: 1 e: 26
1344740880,WARN,Disabling IridiumMessageSender transmissions
1344742201,INFO,Completed analysis m: 373 t: 1 e: 26
1344742225,INFO,Enabling IridiumMessageSender transmissions
1344791742,INFO,Starting analysis m: 373 t: 1 e: 27
1344792033,WARN,Disabling IridiumMessageSender transmissions
1344793335,INFO,Completed analysis m: 373 t: 1 e: 27
1344793360,INFO,Enabling IridiumMessageSender transmissions
1344842885,INFO,Starting analysis m: 373 t: 1 e: 28
1344843167,WARN,Disabling IridiumMessageSender transmissions
1344844470,INFO,Completed analysis m: 373 t: 1 e: 28
1344844494,INFO,Enabling IridiumMessageSender transmissions
1344894038,INFO,Starting analysis m: 373 t: 1 e: 29
1344894328,WARN,Disabling IridiumMessageSender transmissions
1344895629,INFO,Completed analysis m: 373 t: 1 e: 29
1344895657,INFO,Enabling IridiumMessageSender transmissions
1344945174,INFO,Starting analysis m: 373 t: 1 e: 30
1344945455,WARN,Disabling IridiumMessageSender transmissions
1344946837,INFO,Completed analysis m: 373 t: 1 e: 30
1344946862,INFO,Enabling IridiumMessageSender transmissions
1344967368,INFO,powerData | solV: 0.00
1344967391,INFO,powerData | solI: 0.00
1344967411,INFO,powerData | battV: 4.08
1344967432,INFO,powerData | battI: -0.15
1344967454,INFO,powerData | busV: 4.06
1344967479,INFO,powerData | busI: 0.15
1344967505,INFO,powerData | BQ status reg: 0
1344967526,INFO,powerData | Fault reg: 0
1344967546,INFO,powerData | Charge status: 0
1344967567,INFO,powerData | DPM status: 0
1344991299,INFO,Max CNO changed from 45 to 48
1344996319,INFO,Starting analysis m: 373 t: 1 e: 31
1344996610,WARN,Disabling IridiumMessageSender transmissions
1344997855,INFO,Completed analysis m: 373 t: 1 e: 31
1344997883,INFO,Enabling IridiumMessageSender transmissions
1345047474,INFO,Starting analysis m: 373 t: 1 e: 32
1345047758,WARN,Disabling IridiumMessageSender transmissions
1345049065,INFO,Completed analysis m: 373 t: 1 e: 32
1345049090,INFO,Processing stats m: 373 t: 1 e: 33
1345051236,INFO,Max CNO changed from 48 to 45
1345056000,INFO,Finished collection for m: 373 in 1749
1345056024,INFO,Submitting 48 byte / 378 bit message: 
1345056077,DEBUG,m 235 sub to Q at i 0 count: 235
1345056102,DEBUG,1 msgs in Q
1345056149,INFO,Enabling IridiumMessageSender transmissions
1345056186,DEBUG,Sending Q index: 0 id: 235
1345071206,INFO,Max CNO changed from 45 to 48
1345091188,INFO,Max CNO changed from 48 to 45
1345106954,INFO,Starting collection m: 374 t: 0 at 1648992991.20
1345126135,INFO,Submitting 19 byte / 150 bit SMC message: 
1345126178,DEBUG,m 236 sub to Q at i 1 count: 236
1345126201,DEBUG,2 msgs in Q
1345195995,INFO,Send complete: Q index: 0 count_id 235
1345196251,DEBUG,Sending Q index: 0 id: 236
1345208520,INFO,Send complete: Q index: 0 count_id 236
1345208903,INFO,Starting analysis m: 374 t: 0 e: 0
1345209188,WARN,Disabling IridiumMessageSender transmissions
1345210249,INFO,Completed analysis m: 374 t: 0 e: 0
1345210273,INFO,Enabling IridiumMessageSender transmissions
1345211076,INFO,Max CNO changed from 45 to 49
1345260042,INFO,Starting analysis m: 374 t: 0 e: 1
1345260333,WARN,Disabling IridiumMessageSender transmissions
1345261676,INFO,Completed analysis m: 374 t: 0 e: 1
1345261701,INFO,Enabling IridiumMessageSender transmissions
1345267378,INFO,powerData | solV: 0.00
1345267400,INFO,powerData | solI: 0.00
1345267425,INFO,powerData | battV: 4.08
1345267445,INFO,powerData | battI: -0.11
1345267466,INFO,powerData | busV: 4.07
1345267486,INFO,powerData | busI: 0.10
1345267507,INFO,powerData | BQ status reg: 0
1345267527,INFO,powerData | Fault reg: 0
1345267552,INFO,powerData | Charge status: 0
1345267574,INFO,powerData | DPM status: 0
1345270990,INFO,Max CNO changed from 49 to 45
1345311195,INFO,Starting analysis m: 374 t: 0 e: 2
1345311481,WARN,Disabling IridiumMessageSender transmissions
1345312811,INFO,Completed analysis m: 374 t: 0 e: 2
1345312833,INFO,Enabling IridiumMessageSender transmissions
1345330941,INFO,Max CNO changed from 45 to 48
1345362339,INFO,Starting analysis m: 374 t: 0 e: 3
1345362630,WARN,Disabling IridiumMessageSender transmissions
1345363884,INFO,Completed analysis m: 374 t: 0 e: 3
1345363908,INFO,Enabling IridiumMessageSender transmissions
1345413486,INFO,Starting analysis m: 374 t: 0 e: 4
1345413767,WARN,Disabling IridiumMessageSender transmissions
1345415077,INFO,Completed analysis m: 374 t: 0 e: 4
1345415102,INFO,Enabling IridiumMessageSender transmissions
1345464633,INFO,Starting analysis m: 374 t: 0 e: 5
1345464915,WARN,Disabling IridiumMessageSender transmissions
1345466226,INFO,Completed analysis m: 374 t: 0 e: 5
1345466251,INFO,Enabling IridiumMessageSender transmissions
1345515782,INFO,Starting analysis m: 374 t: 0 e: 6
1345516072,WARN,Disabling IridiumMessageSender transmissions
1345517318,INFO,Completed analysis m: 374 t: 0 e: 6
1345517346,INFO,Enabling IridiumMessageSender transmissions
1345566928,INFO,Starting analysis m: 374 t: 0 e: 7
1345567211,WARN,Disabling IridiumMessageSender transmissions
1345567934,INFO,powerData | solV: 0.00
1345567956,INFO,powerData | solI: 0.00
1345567979,INFO,powerData | battV: 4.08
1345568000,INFO,powerData | battI: -0.11
1345568020,INFO,powerData | busV: 4.07
1345568043,INFO,powerData | busI: 0.10
1345568067,INFO,powerData | BQ status reg: 0
1345568088,INFO,powerData | Fault reg: 0
1345568114,INFO,powerData | Charge status: 0
1345568135,INFO,powerData | DPM status: 0
1345568727,INFO,Completed analysis m: 374 t: 0 e: 7
1345568749,INFO,Enabling IridiumMessageSender transmissions
1345618077,INFO,Starting analysis m: 374 t: 0 e: 8
1345618368,WARN,Disabling IridiumMessageSender transmissions
1345619617,INFO,Completed analysis m: 374 t: 0 e: 8
1345619642,INFO,Enabling IridiumMessageSender transmissions
1345669232,INFO,Starting analysis m: 374 t: 0 e: 9
1345669605,WARN,Disabling IridiumMessageSender transmissions
1345671061,INFO,Completed analysis m: 374 t: 0 e: 9
1345671086,INFO,Enabling IridiumMessageSender transmissions
1345720371,INFO,Starting analysis m: 374 t: 0 e: 10
1345720651,WARN,Disabling IridiumMessageSender transmissions
1345722013,INFO,Completed analysis m: 374 t: 0 e: 10
1345722038,INFO,Enabling IridiumMessageSender transmissions
1345771528,INFO,Starting analysis m: 374 t: 0 e: 11
1345771847,WARN,Disabling IridiumMessageSender transmissions
1345773144,INFO,Completed analysis m: 374 t: 0 e: 11
1345773172,INFO,Enabling IridiumMessageSender transmissions
1345822666,INFO,Starting analysis m: 374 t: 0 e: 12
1345822947,WARN,Disabling IridiumMessageSender transmissions
1345824256,INFO,Completed analysis m: 374 t: 0 e: 12
1345824280,INFO,Enabling IridiumMessageSender transmissions
1345850400,INFO,Max CNO changed from 48 to 45
1345867935,INFO,powerData | solV: 0.00
1345867958,INFO,powerData | solI: 0.00
1345867978,INFO,powerData | battV: 4.08
1345867999,INFO,powerData | battI: -0.09
1345868023,INFO,powerData | busV: 4.07
1345868044,INFO,powerData | busI: 0.08
1345868066,INFO,powerData | BQ status reg: 0
1345868087,INFO,powerData | Fault reg: 0
1345868107,INFO,powerData | Charge status: 0
1345868130,INFO,powerData | DPM status: 0
1345873809,INFO,Starting analysis m: 374 t: 0 e: 13
1345874092,WARN,Disabling IridiumMessageSender transmissions
1345875331,INFO,Completed analysis m: 374 t: 0 e: 13
1345875357,INFO,Enabling IridiumMessageSender transmissions
1345924958,INFO,Starting analysis m: 374 t: 0 e: 14
1345925238,WARN,Disabling IridiumMessageSender transmissions
1345926494,INFO,Completed analysis m: 374 t: 0 e: 14
1345926520,INFO,Enabling IridiumMessageSender transmissions
1345930313,INFO,Max CNO changed from 45 to 48
1345976104,INFO,Starting analysis m: 374 t: 0 e: 15
1345976395,WARN,Disabling IridiumMessageSender transmissions
1345977694,INFO,Completed analysis m: 374 t: 0 e: 15
1345977718,INFO,Enabling IridiumMessageSender transmissions
1345990256,INFO,Max CNO changed from 48 to 45
1346027255,INFO,Starting analysis m: 374 t: 0 e: 16
1346027536,WARN,Disabling IridiumMessageSender transmissions
1346028797,INFO,Completed analysis m: 374 t: 0 e: 16
1346028824,INFO,Enabling IridiumMessageSender transmissions
1346050187,INFO,Max CNO changed from 45 to 48
1346070163,INFO,Max CNO changed from 48 to 45
1346078406,INFO,Starting analysis m: 374 t: 0 e: 17
1346078695,WARN,Disabling IridiumMessageSender transmissions
1346079991,INFO,Completed analysis m: 374 t: 0 e: 17
1346080020,INFO,Enabling IridiumMessageSender transmissions
1346129547,INFO,Starting analysis m: 374 t: 0 e: 18
1346129827,WARN,Disabling IridiumMessageSender transmissions
1346131032,INFO,Completed analysis m: 374 t: 0 e: 18
1346131058,INFO,Enabling IridiumMessageSender transmissions
1346167941,INFO,powerData | solV: 0.00
1346167963,INFO,powerData | solI: 0.00
1346167984,INFO,powerData | battV: 4.08
1346168004,INFO,powerData | battI: -0.09
1346168025,INFO,powerData | busV: 4.07
1346168049,INFO,powerData | busI: 0.08
1346168072,INFO,powerData | BQ status reg: 0
1346168092,INFO,powerData | Fault reg: 0
1346168113,INFO,powerData | Charge status: 0
1346168133,INFO,powerData | DPM status: 0
1346180720,INFO,Starting analysis m: 374 t: 0 e: 19
1346181025,WARN,Disabling IridiumMessageSender transmissions
1346182348,INFO,Completed analysis m: 374 t: 0 e: 19
1346182373,INFO,Enabling IridiumMessageSender transmissions
1346231853,INFO,Starting analysis m: 374 t: 0 e: 20
1346232139,WARN,Disabling IridiumMessageSender transmissions
1346233505,INFO,Completed analysis m: 374 t: 0 e: 20
1346233530,INFO,Enabling IridiumMessageSender transmissions
1346269968,INFO,Max CNO changed from 45 to 49
1346283010,INFO,Starting analysis m: 374 t: 0 e: 21
1346283311,WARN,Disabling IridiumMessageSender transmissions
1346284595,INFO,Completed analysis m: 374 t: 0 e: 21
1346284619,INFO,Enabling IridiumMessageSender transmissions
1346309924,INFO,Max CNO changed from 49 to 46
1346334134,INFO,Starting analysis m: 374 t: 0 e: 22
1346334423,WARN,Disabling IridiumMessageSender transmissions
1346335727,INFO,Completed analysis m: 374 t: 0 e: 22
1346335752,INFO,Enabling IridiumMessageSender transmissions
1346385289,INFO,Starting analysis m: 374 t: 0 e: 23
1346385571,WARN,Disabling IridiumMessageSender transmissions
1346386876,INFO,Completed analysis m: 374 t: 0 e: 23
1346386900,INFO,Enabling IridiumMessageSender transmissions
1346429792,INFO,Max CNO changed from 46 to 49
1346436435,INFO,Starting analysis m: 374 t: 0 e: 24
1346436732,WARN,Disabling IridiumMessageSender transmissions
1346438023,INFO,Completed analysis m: 374 t: 0 e: 24
1346438047,INFO,Enabling IridiumMessageSender transmissions
1346449778,INFO,Max CNO changed from 49 to 46
1346467944,INFO,powerData | solV: 0.00
1346467966,INFO,powerData | solI: 0.00
1346467987,INFO,powerData | battV: 4.08
1346468007,INFO,powerData | battI: -0.08
1346468028,INFO,powerData | busV: 4.07
1346468048,INFO,powerData | busI: 0.07
1346468071,INFO,powerData | BQ status reg: 0
1346468096,INFO,powerData | Fault reg: 0
1346468116,INFO,powerData | Charge status: 0
1346468136,INFO,powerData | DPM status: 0
1346487578,INFO,Starting analysis m: 374 t: 0 e: 25
1346487859,WARN,Disabling IridiumMessageSender transmissions
1346489167,INFO,Completed analysis m: 374 t: 0 e: 25
1346489192,INFO,Enabling IridiumMessageSender transmissions
1346538721,INFO,Starting analysis m: 374 t: 0 e: 26
1346539003,WARN,Disabling IridiumMessageSender transmissions
1346540324,INFO,Completed analysis m: 374 t: 0 e: 26
1346540349,INFO,Enabling IridiumMessageSender transmissions
1346589870,INFO,Starting analysis m: 374 t: 0 e: 27
1346590160,WARN,Disabling IridiumMessageSender transmissions
1346591463,INFO,Completed analysis m: 374 t: 0 e: 27
1346591488,INFO,Enabling IridiumMessageSender transmissions
1346641025,INFO,Starting analysis m: 374 t: 0 e: 28
1346641307,WARN,Disabling IridiumMessageSender transmissions
1346642610,INFO,Completed analysis m: 374 t: 0 e: 28
1346642649,INFO,Enabling IridiumMessageSender transmissions
1346692165,INFO,Starting analysis m: 374 t: 0 e: 29
1346692454,WARN,Disabling IridiumMessageSender transmissions
1346693814,INFO,Completed analysis m: 374 t: 0 e: 29
1346693838,INFO,Enabling IridiumMessageSender transmissions
1346743310,INFO,Starting analysis m: 374 t: 0 e: 30
1346743711,WARN,Disabling IridiumMessageSender transmissions
1346745024,INFO,Completed analysis m: 374 t: 0 e: 30
1346745049,INFO,Enabling IridiumMessageSender transmissions
1346767949,INFO,powerData | solV: 0.00
1346767972,INFO,powerData | solI: 0.00
1346767994,INFO,powerData | battV: 4.08
1346768019,INFO,powerData | battI: -0.07
1346768041,INFO,powerData | busV: 4.08
1346768064,INFO,powerData | busI: 0.07
1346768084,INFO,powerData | BQ status reg: 0
1346768105,INFO,powerData | Fault reg: 0
1346768125,INFO,powerData | Charge status: 0
1346768146,INFO,powerData | DPM status: 0
1346794459,INFO,Starting analysis m: 374 t: 0 e: 31
1346794749,WARN,Disabling IridiumMessageSender transmissions
1346796005,INFO,Completed analysis m: 374 t: 0 e: 31
1346796027,INFO,Enabling IridiumMessageSender transmissions
1346845605,INFO,Starting analysis m: 374 t: 0 e: 32
1346845886,WARN,Disabling IridiumMessageSender transmissions
1346847148,INFO,Completed analysis m: 374 t: 0 e: 32
1346847172,INFO,Processing stats m: 374 t: 0 e: 33
1346853126,INFO,Enabling IridiumMessageSender transmissions
1346889322,INFO,Max CNO changed from 46 to 50
1346905094,INFO,Starting collection m: 374 t: 1 at 1648994791.20
1346969245,INFO,Max CNO changed from 50 to 47
1347007047,INFO,Starting analysis m: 374 t: 1 e: 0
1347007332,WARN,Disabling IridiumMessageSender transmissions
1347008389,INFO,Completed analysis m: 374 t: 1 e: 0
1347008413,INFO,Enabling IridiumMessageSender transmissions
1347058190,INFO,Starting analysis m: 374 t: 1 e: 1
1347058470,WARN,Disabling IridiumMessageSender transmissions
1347059705,INFO,Completed analysis m: 374 t: 1 e: 1
1347059732,INFO,Enabling IridiumMessageSender transmissions
1347067951,INFO,powerData | solV: 0.00
1347067973,INFO,powerData | solI: 0.00
1347067994,INFO,powerData | battV: 4.09
1347068014,INFO,powerData | battI: -0.06
1347068035,INFO,powerData | busV: 4.08
1347068055,INFO,powerData | busI: 0.06
1347068078,INFO,powerData | BQ status reg: 0
1347068102,INFO,powerData | Fault reg: 0
1347068125,INFO,powerData | Charge status: 0
1347068145,INFO,powerData | DPM status: 0
1347109332,INFO,Starting analysis m: 374 t: 1 e: 2
1347109613,WARN,Disabling IridiumMessageSender transmissions
1347110930,INFO,Completed analysis m: 374 t: 1 e: 2
1347110955,INFO,Enabling IridiumMessageSender transmissions
1347160477,INFO,Starting analysis m: 374 t: 1 e: 3
1347160768,WARN,Disabling IridiumMessageSender transmissions
1347162017,INFO,Completed analysis m: 374 t: 1 e: 3
1347162042,INFO,Enabling IridiumMessageSender transmissions
1347211634,INFO,Starting analysis m: 374 t: 1 e: 4
1347211917,WARN,Disabling IridiumMessageSender transmissions
1347213221,INFO,Completed analysis m: 374 t: 1 e: 4
1347213250,INFO,Enabling IridiumMessageSender transmissions
1347262775,INFO,Starting analysis m: 374 t: 1 e: 5
1347263066,WARN,Disabling IridiumMessageSender transmissions
1347264436,INFO,Completed analysis m: 374 t: 1 e: 5
1347264460,INFO,Enabling IridiumMessageSender transmissions
1347313920,INFO,Starting analysis m: 374 t: 1 e: 6
1347314239,WARN,Disabling IridiumMessageSender transmissions
1347315556,INFO,Completed analysis m: 374 t: 1 e: 6
1347315578,INFO,Enabling IridiumMessageSender transmissions
1347365076,INFO,Starting analysis m: 374 t: 1 e: 7
1347365367,WARN,Disabling IridiumMessageSender transmissions
1347366662,INFO,Completed analysis m: 374 t: 1 e: 7
1347366686,INFO,Enabling IridiumMessageSender transmissions
1347367960,INFO,powerData | solV: 0.00
1347367983,INFO,powerData | solI: 0.00
1347368003,INFO,powerData | battV: 4.09
1347368024,INFO,powerData | battI: -0.06
1347368044,INFO,powerData | busV: 4.08
1347368065,INFO,powerData | busI: 0.06
1347368089,INFO,powerData | BQ status reg: 0
1347368110,INFO,powerData | Fault reg: 0
1347368130,INFO,powerData | Charge status: 0
1347368151,INFO,powerData | DPM status: 0
1347416217,INFO,Starting analysis m: 374 t: 1 e: 8
1347416498,WARN,Disabling IridiumMessageSender transmissions
1347417757,INFO,Completed analysis m: 374 t: 1 e: 8
1347417782,INFO,Enabling IridiumMessageSender transmissions
1347467362,INFO,Starting analysis m: 374 t: 1 e: 9
1347467653,WARN,Disabling IridiumMessageSender transmissions
1347469195,INFO,Completed analysis m: 374 t: 1 e: 9
1347469217,INFO,Enabling IridiumMessageSender transmissions
1347518515,INFO,Starting analysis m: 374 t: 1 e: 10
1347518795,WARN,Disabling IridiumMessageSender transmissions
1347520102,INFO,Completed analysis m: 374 t: 1 e: 10
1347520126,INFO,Enabling IridiumMessageSender transmissions
1347569664,INFO,Starting analysis m: 374 t: 1 e: 11
1347569954,WARN,Disabling IridiumMessageSender transmissions
1347571251,INFO,Completed analysis m: 374 t: 1 e: 11
1347571279,INFO,Enabling IridiumMessageSender transmissions
1347620802,INFO,Starting analysis m: 374 t: 1 e: 12
1347621085,WARN,Disabling IridiumMessageSender transmissions
1347622342,INFO,Completed analysis m: 374 t: 1 e: 12
1347622367,INFO,Enabling IridiumMessageSender transmissions
1347667963,INFO,powerData | solV: 0.00
1347667986,INFO,powerData | solI: 0.00
1347668006,INFO,powerData | battV: 4.09
1347668027,INFO,powerData | battI: -0.06
1347668049,INFO,powerData | busV: 4.08
1347668070,INFO,powerData | busI: 0.05
1347668094,INFO,powerData | BQ status reg: 0
1347668115,INFO,powerData | Fault reg: 0
1347668137,INFO,powerData | Charge status: 0
1347668158,INFO,powerData | DPM status: 0
1347671959,INFO,Starting analysis m: 374 t: 1 e: 13
1347672240,WARN,Disabling IridiumMessageSender transmissions
1347673542,INFO,Completed analysis m: 374 t: 1 e: 13
1347673567,INFO,Enabling IridiumMessageSender transmissions
1347723096,INFO,Starting analysis m: 374 t: 1 e: 14
1347723388,WARN,Disabling IridiumMessageSender transmissions
1347724726,INFO,Completed analysis m: 374 t: 1 e: 14
1347724750,INFO,Enabling IridiumMessageSender transmissions
1347774244,INFO,Starting analysis m: 374 t: 1 e: 15
1347774525,WARN,Disabling IridiumMessageSender transmissions
1347775887,INFO,Completed analysis m: 374 t: 1 e: 15
1347775911,INFO,Enabling IridiumMessageSender transmissions
1347825395,INFO,Starting analysis m: 374 t: 1 e: 16
1347825692,WARN,Disabling IridiumMessageSender transmissions
1347826991,INFO,Completed analysis m: 374 t: 1 e: 16
1347827019,INFO,Enabling IridiumMessageSender transmissions
1347868307,INFO,Max CNO changed from 47 to 50
1347876534,INFO,Starting analysis m: 374 t: 1 e: 17
1347876816,WARN,Disabling IridiumMessageSender transmissions
1347878080,INFO,Completed analysis m: 374 t: 1 e: 17
1347878105,INFO,Enabling IridiumMessageSender transmissions
1347927685,INFO,Starting analysis m: 374 t: 1 e: 18
1347927975,WARN,Disabling IridiumMessageSender transmissions
1347929171,INFO,Completed analysis m: 374 t: 1 e: 18
1347929202,INFO,Enabling IridiumMessageSender transmissions
1347948234,INFO,Max CNO changed from 50 to 46
1347967967,INFO,powerData | solV: 0.00
1347967991,INFO,powerData | solI: 0.00
1347968016,INFO,powerData | battV: 4.08
1347968043,INFO,powerData | battI: -0.06
1347968067,INFO,powerData | busV: 4.08
1347968092,INFO,powerData | busI: 0.06
1347968112,INFO,powerData | BQ status reg: 0
1347968133,INFO,powerData | Fault reg: 0
1347968153,INFO,powerData | Charge status: 0
1347968178,INFO,powerData | DPM status: 0
1347968409,INFO,Max CNO changed from 46 to 49
1347978838,INFO,Starting analysis m: 374 t: 1 e: 19
1347979118,WARN,Disabling IridiumMessageSender transmissions
1347980427,INFO,Completed analysis m: 374 t: 1 e: 19
1347980449,INFO,Enabling IridiumMessageSender transmissions
1348008163,INFO,Max CNO changed from 49 to 46
1348028145,INFO,Max CNO changed from 46 to 50
1348029976,INFO,Starting analysis m: 374 t: 1 e: 20
1348030259,WARN,Disabling IridiumMessageSender transmissions
1348031567,INFO,Completed analysis m: 374 t: 1 e: 20
1348031592,INFO,Enabling IridiumMessageSender transmissions
1348068112,INFO,Max CNO changed from 50 to 45
1348081139,INFO,Starting analysis m: 374 t: 1 e: 21
1348081432,WARN,Disabling IridiumMessageSender transmissions
1348082731,INFO,Completed analysis m: 374 t: 1 e: 21
1348082755,INFO,Enabling IridiumMessageSender transmissions
1348108060,INFO,Max CNO changed from 45 to 49
1348132280,INFO,Starting analysis m: 374 t: 1 e: 22
1348132567,WARN,Disabling IridiumMessageSender transmissions
1348133865,INFO,Completed analysis m: 374 t: 1 e: 22
1348133890,INFO,Enabling IridiumMessageSender transmissions
1348183416,INFO,Starting analysis m: 374 t: 1 e: 23
1348183697,WARN,Disabling IridiumMessageSender transmissions
1348185014,INFO,Completed analysis m: 374 t: 1 e: 23
1348185038,INFO,Enabling IridiumMessageSender transmissions
1348234565,INFO,Starting analysis m: 374 t: 1 e: 24
1348234856,WARN,Disabling IridiumMessageSender transmissions
1348236210,INFO,Completed analysis m: 374 t: 1 e: 24
1348236234,INFO,Enabling IridiumMessageSender transmissions
1348267974,INFO,powerData | solV: 0.00
1348267997,INFO,powerData | solI: 0.00
1348268017,INFO,powerData | battV: 4.09
1348268040,INFO,powerData | battI: -0.06
1348268064,INFO,powerData | busV: 4.08
1348268087,INFO,powerData | busI: 0.05
1348268107,INFO,powerData | BQ status reg: 0
1348268128,INFO,powerData | Fault reg: 0
1348268148,INFO,powerData | Charge status: 0
1348268173,INFO,powerData | DPM status: 0
1348285710,INFO,Starting analysis m: 374 t: 1 e: 25
1348286029,WARN,Disabling IridiumMessageSender transmissions
1348287338,INFO,Completed analysis m: 374 t: 1 e: 25
1348287363,INFO,Enabling IridiumMessageSender transmissions
1348336865,INFO,Starting analysis m: 374 t: 1 e: 26
1348337156,WARN,Disabling IridiumMessageSender transmissions
1348338454,INFO,Completed analysis m: 374 t: 1 e: 26
1348338479,INFO,Enabling IridiumMessageSender transmissions
1348367798,INFO,Max CNO changed from 49 to 46
1348388014,INFO,Starting analysis m: 374 t: 1 e: 27
1348388294,WARN,Disabling IridiumMessageSender transmissions
1348389601,INFO,Completed analysis m: 374 t: 1 e: 27
1348389625,INFO,Enabling IridiumMessageSender transmissions
1348439156,INFO,Starting analysis m: 374 t: 1 e: 28
1348439439,WARN,Disabling IridiumMessageSender transmissions
1348440743,INFO,Completed analysis m: 374 t: 1 e: 28
1348440768,INFO,Enabling IridiumMessageSender transmissions
1348490311,INFO,Starting analysis m: 374 t: 1 e: 29
1348490608,WARN,Disabling IridiumMessageSender transmissions
1348491894,INFO,Completed analysis m: 374 t: 1 e: 29
1348491919,INFO,Enabling IridiumMessageSender transmissions
1348541456,INFO,Starting analysis m: 374 t: 1 e: 30
1348541736,WARN,Disabling IridiumMessageSender transmissions
1348543121,INFO,Completed analysis m: 374 t: 1 e: 30
1348543145,INFO,Enabling IridiumMessageSender transmissions
1348567977,INFO,powerData | solV: 0.00
1348568000,INFO,powerData | solI: 0.00
1348568025,INFO,powerData | battV: 4.08
1348568045,INFO,powerData | battI: -0.06
1348568066,INFO,powerData | busV: 4.08
1348568086,INFO,powerData | busI: 0.06
1348568109,INFO,powerData | BQ status reg: 0
1348568131,INFO,powerData | Fault reg: 0
1348568156,INFO,powerData | Charge status: 0
1348568176,INFO,powerData | DPM status: 0
1348587575,INFO,Max CNO changed from 46 to 49
1348592592,INFO,Starting analysis m: 374 t: 1 e: 31
1348592885,WARN,Disabling IridiumMessageSender transmissions
1348594190,INFO,Completed analysis m: 374 t: 1 e: 31
1348594214,INFO,Enabling IridiumMessageSender transmissions
1348627535,INFO,Max CNO changed from 49 to 46
1348643739,INFO,Starting analysis m: 374 t: 1 e: 32
1348644022,WARN,Disabling IridiumMessageSender transmissions
1348645345,INFO,Completed analysis m: 374 t: 1 e: 32
1348645369,INFO,Processing stats m: 374 t: 1 e: 33
1348651436,INFO,Finished collection for m: 374 in 1748
1348651458,INFO,Submitting 48 byte / 378 bit message: 
1348651513,DEBUG,m 237 sub to Q at i 0 count: 237
1348651540,DEBUG,1 msgs in Q
1348651587,INFO,Enabling IridiumMessageSender transmissions
1348651622,DEBUG,Sending Q index: 0 id: 237
1348703227,INFO,Starting collection m: 375 t: 0 at 1648996591.20
1348721661,INFO,Submitting 19 byte / 150 bit SMC message: 
1348721704,DEBUG,m 238 sub to Q at i 1 count: 238
1348721727,DEBUG,2 msgs in Q
1348729876,INFO,Send complete: Q index: 0 count_id 237
1348730128,DEBUG,Sending Q index: 0 id: 238
1348742643,INFO,Send complete: Q index: 0 count_id 238
1348805169,INFO,Starting analysis m: 375 t: 0 e: 0
1348805459,WARN,Disabling IridiumMessageSender transmissions
1348806555,INFO,Completed analysis m: 375 t: 0 e: 0
1348806590,INFO,Enabling IridiumMessageSender transmissions
1348856330,INFO,Starting analysis m: 375 t: 0 e: 1
1348856649,WARN,Disabling IridiumMessageSender transmissions
1348857954,INFO,Completed analysis m: 375 t: 0 e: 1
1348857978,INFO,Enabling IridiumMessageSender transmissions
1348867983,INFO,powerData | solV: 0.00
1348868009,INFO,powerData | solI: 0.00
1348868030,INFO,powerData | battV: 4.09
1348868050,INFO,powerData | battI: -0.06
1348868071,INFO,powerData | busV: 4.08
1348868091,INFO,powerData | busI: 0.05
1348868112,INFO,powerData | BQ status reg: 0
1348868134,INFO,powerData | Fault reg: 0
1348868155,INFO,powerData | Charge status: 0
1348868177,INFO,powerData | DPM status: 0
1348907462,INFO,Starting analysis m: 375 t: 0 e: 2
1348907751,WARN,Disabling IridiumMessageSender transmissions
1348909010,INFO,Completed analysis m: 375 t: 0 e: 2
1348909039,INFO,Enabling IridiumMessageSender transmissions
1348927211,INFO,Max CNO changed from 46 to 49
1348958611,INFO,Starting analysis m: 375 t: 0 e: 3
1348958894,WARN,Disabling IridiumMessageSender transmissions
1348960145,INFO,Completed analysis m: 375 t: 0 e: 3
1348960169,INFO,Enabling IridiumMessageSender transmissions
1349009770,INFO,Starting analysis m: 375 t: 0 e: 4
1349010063,WARN,Disabling IridiumMessageSender transmissions
1349011355,INFO,Completed analysis m: 375 t: 0 e: 4
1349011386,INFO,Enabling IridiumMessageSender transmissions
1349047099,INFO,Max CNO changed from 49 to 45
1349060913,INFO,Starting analysis m: 375 t: 0 e: 5
1349061195,WARN,Disabling IridiumMessageSender transmissions
1349062453,INFO,Completed analysis m: 375 t: 0 e: 5
1349062477,INFO,Enabling IridiumMessageSender transmissions
1349112053,INFO,Starting analysis m: 375 t: 0 e: 6
1349112344,WARN,Disabling IridiumMessageSender transmissions
1349113591,INFO,Completed analysis m: 375 t: 0 e: 6
1349113620,INFO,Enabling IridiumMessageSender transmissions
1349163212,INFO,Starting analysis m: 375 t: 0 e: 7
1349163493,WARN,Disabling IridiumMessageSender transmissions
1349164804,INFO,Completed analysis m: 375 t: 0 e: 7
1349164828,INFO,Enabling IridiumMessageSender transmissions
1349167998,INFO,powerData | solV: 0.00
1349168021,INFO,powerData | solI: 0.00
1349168041,INFO,powerData | battV: 4.08
1349168064,INFO,powerData | battI: -0.06
1349168084,INFO,powerData | busV: 4.08
1349168109,INFO,powerData | busI: 0.05
1349168132,INFO,powerData | BQ status reg: 0
1349168152,INFO,powerData | Fault reg: 0
1349168175,INFO,powerData | Charge status: 0
1349168195,INFO,powerData | DPM status: 0
1349214355,INFO,Starting analysis m: 375 t: 0 e: 8
1349214646,WARN,Disabling IridiumMessageSender transmissions
1349215961,INFO,Completed analysis m: 375 t: 0 e: 8
1349215985,INFO,Enabling IridiumMessageSender transmissions
1349265504,INFO,Starting analysis m: 375 t: 0 e: 9
1349265784,WARN,Disabling IridiumMessageSender transmissions
1349267388,INFO,Completed analysis m: 375 t: 0 e: 9
1349267417,INFO,Enabling IridiumMessageSender transmissions
1349316646,INFO,Starting analysis m: 375 t: 0 e: 10
1349316927,WARN,Disabling IridiumMessageSender transmissions
1349318283,INFO,Completed analysis m: 375 t: 0 e: 10
1349318307,INFO,Enabling IridiumMessageSender transmissions
1349367797,INFO,Starting analysis m: 375 t: 0 e: 11
1349368094,WARN,Disabling IridiumMessageSender transmissions
1349369384,INFO,Completed analysis m: 375 t: 0 e: 11
1349369409,INFO,Enabling IridiumMessageSender transmissions
1349418936,INFO,Starting analysis m: 375 t: 0 e: 12
1349419216,WARN,Disabling IridiumMessageSender transmissions
1349420529,INFO,Completed analysis m: 375 t: 0 e: 12
1349420556,INFO,Enabling IridiumMessageSender transmissions
1349426706,INFO,Max CNO changed from 45 to 48
1349468000,INFO,powerData | solV: 0.00
1349468024,INFO,powerData | solI: 0.00
1349468047,INFO,powerData | battV: 4.08
1349468071,INFO,powerData | battI: -0.06
1349468092,INFO,powerData | busV: 4.08
1349468114,INFO,powerData | busI: 0.06
1349468135,INFO,powerData | BQ status reg: 0
1349468155,INFO,powerData | Fault reg: 0
1349468178,INFO,powerData | Charge status: 0
1349468198,INFO,powerData | DPM status: 0
1349470089,INFO,Starting analysis m: 375 t: 0 e: 13
1349470382,WARN,Disabling IridiumMessageSender transmissions
1349471676,INFO,Completed analysis m: 375 t: 0 e: 13
1349471700,INFO,Enabling IridiumMessageSender transmissions
1349521235,INFO,Starting analysis m: 375 t: 0 e: 14
1349521518,WARN,Disabling IridiumMessageSender transmissions
1349522823,INFO,Completed analysis m: 375 t: 0 e: 14
1349522847,INFO,Enabling IridiumMessageSender transmissions
1349566545,INFO,Max CNO changed from 48 to 45
1349572378,INFO,Starting analysis m: 375 t: 0 e: 15
1349572661,WARN,Disabling IridiumMessageSender transmissions
1349573967,INFO,Completed analysis m: 375 t: 0 e: 15
1349573992,INFO,Enabling IridiumMessageSender transmissions
1349586530,INFO,Max CNO changed from 45 to 48
1349623525,INFO,Starting analysis m: 375 t: 0 e: 16
1349623816,WARN,Disabling IridiumMessageSender transmissions
1349625114,INFO,Completed analysis m: 375 t: 0 e: 16
1349625139,INFO,Enabling IridiumMessageSender transmissions
1349674680,INFO,Starting analysis m: 375 t: 0 e: 17
1349674960,WARN,Disabling IridiumMessageSender transmissions
1349676271,INFO,Completed analysis m: 375 t: 0 e: 17
1349676296,INFO,Enabling IridiumMessageSender transmissions
1349706409,INFO,Max CNO changed from 48 to 45
1349725818,INFO,Starting analysis m: 375 t: 0 e: 18
1349726099,WARN,Disabling IridiumMessageSender transmissions
1349727305,INFO,Completed analysis m: 375 t: 0 e: 18
1349727332,INFO,Enabling IridiumMessageSender transmissions
1349768003,INFO,powerData | solV: 0.00
1349768026,INFO,powerData | solI: 0.00
1349768046,INFO,powerData | battV: 4.08
1349768067,INFO,powerData | battI: -0.06
1349768091,INFO,powerData | busV: 4.08
1349768114,INFO,powerData | busI: 0.05
1349768140,INFO,powerData | BQ status reg: 0
1349768161,INFO,powerData | Fault reg: 0
1349768181,INFO,powerData | Charge status: 0
1349768202,INFO,powerData | DPM status: 0
1349776961,INFO,Starting analysis m: 375 t: 0 e: 19
1349777252,WARN,Disabling IridiumMessageSender transmissions
1349778591,INFO,Completed analysis m: 375 t: 0 e: 19
1349778616,INFO,Enabling IridiumMessageSender transmissions
1349828108,INFO,Starting analysis m: 375 t: 0 e: 20
1349828427,WARN,Disabling IridiumMessageSender transmissions
1349829744,INFO,Completed analysis m: 375 t: 0 e: 20
1349829769,INFO,Enabling IridiumMessageSender transmissions
1349879261,INFO,Starting analysis m: 375 t: 0 e: 21
1349879543,WARN,Disabling IridiumMessageSender transmissions
1349880803,INFO,Completed analysis m: 375 t: 0 e: 21
1349880827,INFO,Enabling IridiumMessageSender transmissions
1349930401,INFO,Starting analysis m: 375 t: 0 e: 22
1349930692,WARN,Disabling IridiumMessageSender transmissions
1349931999,INFO,Completed analysis m: 375 t: 0 e: 22
1349932025,INFO,Enabling IridiumMessageSender transmissions
1349981560,INFO,Starting analysis m: 375 t: 0 e: 23
1349981843,WARN,Disabling IridiumMessageSender transmissions
1349983143,INFO,Completed analysis m: 375 t: 0 e: 23
1349983168,INFO,Enabling IridiumMessageSender transmissions
1350032699,INFO,Starting analysis m: 375 t: 0 e: 24
1350032990,WARN,Disabling IridiumMessageSender transmissions
1350034241,INFO,Completed analysis m: 375 t: 0 e: 24
1350034266,INFO,Enabling IridiumMessageSender transmissions
1350068013,INFO,powerData | solV: 0.00
1350068035,INFO,powerData | solI: 0.00
1350068056,INFO,powerData | battV: 4.08
1350068076,INFO,powerData | battI: -0.07
1350068107,INFO,powerData | busV: 4.07
1350068127,INFO,powerData | busI: 0.06
1350068148,INFO,powerData | BQ status reg: 0
1350068170,INFO,powerData | Fault reg: 0
1350068195,INFO,powerData | Charge status: 0
1350068217,INFO,powerData | DPM status: 0
1350083856,INFO,Starting analysis m: 375 t: 0 e: 25
1350084141,WARN,Disabling IridiumMessageSender transmissions
1350085443,INFO,Completed analysis m: 375 t: 0 e: 25
1350085468,INFO,Enabling IridiumMessageSender transmissions
1350105987,INFO,Max CNO changed from 45 to 49
1350134996,INFO,Starting analysis m: 375 t: 0 e: 26
1350135287,WARN,Disabling IridiumMessageSender transmissions
1350136541,INFO,Completed analysis m: 375 t: 0 e: 26
1350136565,INFO,Enabling IridiumMessageSender transmissions
1350165934,INFO,Max CNO changed from 49 to 45
1350186143,INFO,Starting analysis m: 375 t: 0 e: 27
1350186428,WARN,Disabling IridiumMessageSender transmissions
1350187745,INFO,Completed analysis m: 375 t: 0 e: 27
1350187769,INFO,Enabling IridiumMessageSender transmissions
1350237294,INFO,Starting analysis m: 375 t: 0 e: 28
1350237585,WARN,Disabling IridiumMessageSender transmissions
1350238920,INFO,Completed analysis m: 375 t: 0 e: 28
1350238945,INFO,Enabling IridiumMessageSender transmissions
1350288443,INFO,Starting analysis m: 375 t: 0 e: 29
1350288723,WARN,Disabling IridiumMessageSender transmissions
1350290087,INFO,Completed analysis m: 375 t: 0 e: 29
1350290112,INFO,Enabling IridiumMessageSender transmissions
1350339594,INFO,Starting analysis m: 375 t: 0 e: 30
1350339878,WARN,Disabling IridiumMessageSender transmissions
1350341285,INFO,Completed analysis m: 375 t: 0 e: 30
1350341310,INFO,Enabling IridiumMessageSender transmissions
1350345816,INFO,Max CNO changed from 45 to 48
1350368016,INFO,powerData | solV: 0.00
1350368038,INFO,powerData | solI: 0.00
1350368063,INFO,powerData | battV: 4.08
1350368083,INFO,powerData | battI: -0.06
1350368104,INFO,powerData | busV: 4.08
1350368124,INFO,powerData | busI: 0.05
1350368147,INFO,powerData | BQ status reg: 0
1350368167,INFO,powerData | Fault reg: 0
1350368188,INFO,powerData | Charge status: 0
1350368208,INFO,powerData | DPM status: 0
1350390726,INFO,Starting analysis m: 375 t: 0 e: 31
1350391017,WARN,Disabling IridiumMessageSender transmissions
1350392266,INFO,Completed analysis m: 375 t: 0 e: 31
1350392295,INFO,Enabling IridiumMessageSender transmissions
1350441879,INFO,Starting analysis m: 375 t: 0 e: 32
1350442162,WARN,Disabling IridiumMessageSender transmissions
1350443470,INFO,Completed analysis m: 375 t: 0 e: 32
1350443495,INFO,Processing stats m: 375 t: 0 e: 33
1350449426,INFO,Enabling IridiumMessageSender transmissions
1350501367,INFO,Starting collection m: 375 t: 1 at 1648998391.20
1350603309,INFO,Starting analysis m: 375 t: 1 e: 0
1350603589,WARN,Disabling IridiumMessageSender transmissions
1350604654,INFO,Completed analysis m: 375 t: 1 e: 0
1350604679,INFO,Enabling IridiumMessageSender transmissions
1350654470,INFO,Starting analysis m: 375 t: 1 e: 1
1350654752,WARN,Disabling IridiumMessageSender transmissions
1350656065,INFO,Completed analysis m: 375 t: 1 e: 1
1350656090,INFO,Enabling IridiumMessageSender transmissions
1350668029,INFO,powerData | solV: 0.00
1350668052,INFO,powerData | solI: 0.00
1350668072,INFO,powerData | battV: 4.08
1350668093,INFO,powerData | battI: -0.06
1350668118,INFO,powerData | busV: 4.08
1350668138,INFO,powerData | busI: 0.05
1350668158,INFO,powerData | BQ status reg: 0
1350668181,INFO,powerData | Fault reg: 0
1350668201,INFO,powerData | Charge status: 0
1350668222,INFO,powerData | DPM status: 0
1350705602,INFO,Starting analysis m: 375 t: 1 e: 2
1350705883,WARN,Disabling IridiumMessageSender transmissions
1350707150,INFO,Completed analysis m: 375 t: 1 e: 2
1350707175,INFO,Enabling IridiumMessageSender transmissions
1350725351,INFO,Max CNO changed from 48 to 45
1350756761,INFO,Starting analysis m: 375 t: 1 e: 3
1350757042,WARN,Disabling IridiumMessageSender transmissions
1350758285,INFO,Completed analysis m: 375 t: 1 e: 3
1350758320,INFO,Enabling IridiumMessageSender transmissions
1350785288,INFO,Max CNO changed from 45 to 48
1350807896,INFO,Starting analysis m: 375 t: 1 e: 4
1350808178,WARN,Disabling IridiumMessageSender transmissions
1350809436,INFO,Completed analysis m: 375 t: 1 e: 4
1350809460,INFO,Enabling IridiumMessageSender transmissions
1350845227,INFO,Max CNO changed from 48 to 45
1350859057,INFO,Starting analysis m: 375 t: 1 e: 5
1350859339,WARN,Disabling IridiumMessageSender transmissions
1350860683,INFO,Completed analysis m: 375 t: 1 e: 5
1350860705,INFO,Enabling IridiumMessageSender transmissions
1350910205,INFO,Starting analysis m: 375 t: 1 e: 6
1350910492,WARN,Disabling IridiumMessageSender transmissions
1350911793,INFO,Completed analysis m: 375 t: 1 e: 6
1350911817,INFO,Enabling IridiumMessageSender transmissions
1350961348,INFO,Starting analysis m: 375 t: 1 e: 7
1350961639,WARN,Disabling IridiumMessageSender transmissions
1350962935,INFO,Completed analysis m: 375 t: 1 e: 7
1350962958,INFO,Enabling IridiumMessageSender transmissions
1350968031,INFO,powerData | solV: 0.00
1350968055,INFO,powerData | solI: 0.00
1350968080,INFO,powerData | battV: 4.08
1350968100,INFO,powerData | battI: -0.06
1350968121,INFO,powerData | busV: 4.08
1350968141,INFO,powerData | busI: 0.05
1350968162,INFO,powerData | BQ status reg: 0
1350968186,INFO,powerData | Fault reg: 0
1350968209,INFO,powerData | Charge status: 0
1350968231,INFO,powerData | DPM status: 0
1351012487,INFO,Starting analysis m: 375 t: 1 e: 8
1351012767,WARN,Disabling IridiumMessageSender transmissions
1351014076,INFO,Completed analysis m: 375 t: 1 e: 8
1351014100,INFO,Enabling IridiumMessageSender transmissions
1351063635,INFO,Starting analysis m: 375 t: 1 e: 9
1351063926,WARN,Disabling IridiumMessageSender transmissions
1351065487,INFO,Completed analysis m: 375 t: 1 e: 9
1351065516,INFO,Enabling IridiumMessageSender transmissions
1351114792,INFO,Starting analysis m: 375 t: 1 e: 10
1351115075,WARN,Disabling IridiumMessageSender transmissions
1351116382,INFO,Completed analysis m: 375 t: 1 e: 10
1351116406,INFO,Enabling IridiumMessageSender transmissions
1351165941,INFO,Starting analysis m: 375 t: 1 e: 11
1351166255,WARN,Disabling IridiumMessageSender transmissions
1351167541,INFO,Completed analysis m: 375 t: 1 e: 11
1351167567,INFO,Enabling IridiumMessageSender transmissions
1351217086,INFO,Starting analysis m: 375 t: 1 e: 12
1351217367,WARN,Disabling IridiumMessageSender transmissions
1351218671,INFO,Completed analysis m: 375 t: 1 e: 12
1351218696,INFO,Enabling IridiumMessageSender transmissions
1351268040,INFO,powerData | solV: 0.00
1351268063,INFO,powerData | solI: 0.00
1351268085,INFO,powerData | battV: 4.08
1351268106,INFO,powerData | battI: -0.07
1351268130,INFO,powerData | busV: 4.07
1351268157,INFO,powerData | busI: 0.06
1351268184,INFO,powerData | BQ status reg: 0
1351268206,INFO,powerData | Fault reg: 0
1351268227,INFO,powerData | Charge status: 0
1351268249,INFO,powerData | DPM status: 0
1351268341,INFO,Starting analysis m: 375 t: 1 e: 13
1351268694,WARN,Disabling IridiumMessageSender transmissions
1351269937,INFO,Completed analysis m: 375 t: 1 e: 13
1351269961,INFO,Enabling IridiumMessageSender transmissions
1351319369,INFO,Starting analysis m: 375 t: 1 e: 14
1351319650,WARN,Disabling IridiumMessageSender transmissions
1351320997,INFO,Completed analysis m: 375 t: 1 e: 14
1351321022,INFO,Enabling IridiumMessageSender transmissions
1351370522,INFO,Starting analysis m: 375 t: 1 e: 15
1351370842,WARN,Disabling IridiumMessageSender transmissions
1351372148,INFO,Completed analysis m: 375 t: 1 e: 15
1351372173,INFO,Enabling IridiumMessageSender transmissions
1351421669,INFO,Starting analysis m: 375 t: 1 e: 16
1351421962,WARN,Disabling IridiumMessageSender transmissions
1351423258,INFO,Completed analysis m: 375 t: 1 e: 16
1351423285,INFO,Enabling IridiumMessageSender transmissions
1351472820,INFO,Starting analysis m: 375 t: 1 e: 17
1351473100,WARN,Disabling IridiumMessageSender transmissions
1351474403,INFO,Completed analysis m: 375 t: 1 e: 17
1351474427,INFO,Enabling IridiumMessageSender transmissions
1351484565,INFO,Max CNO changed from 45 to 48
1351523952,INFO,Starting analysis m: 375 t: 1 e: 18
1351524243,WARN,Disabling IridiumMessageSender transmissions
1351525451,INFO,Completed analysis m: 375 t: 1 e: 18
1351525484,INFO,Enabling IridiumMessageSender transmissions
1351568044,INFO,powerData | solV: 0.00
1351568066,INFO,powerData | solI: 0.00
1351568089,INFO,powerData | battV: 4.08
1351568109,INFO,powerData | battI: -0.05
1351568132,INFO,powerData | busV: 4.08
1351568152,INFO,powerData | busI: 0.05
1351568173,INFO,powerData | BQ status reg: 0
1351568195,INFO,powerData | Fault reg: 0
1351568218,INFO,powerData | Charge status: 0
1351568246,INFO,powerData | DPM status: 0
1351575111,INFO,Starting analysis m: 375 t: 1 e: 19
1351575396,WARN,Disabling IridiumMessageSender transmissions
1351576702,INFO,Completed analysis m: 375 t: 1 e: 19
1351576727,INFO,Enabling IridiumMessageSender transmissions
1351626252,INFO,Starting analysis m: 375 t: 1 e: 20
1351626532,WARN,Disabling IridiumMessageSender transmissions
1351627841,INFO,Completed analysis m: 375 t: 1 e: 20
1351627868,INFO,Enabling IridiumMessageSender transmissions
1351664388,INFO,Max CNO changed from 48 to 45
1351677403,INFO,Starting analysis m: 375 t: 1 e: 21
1351677700,WARN,Disabling IridiumMessageSender transmissions
1351678990,INFO,Completed analysis m: 375 t: 1 e: 21
1351679014,INFO,Enabling IridiumMessageSender transmissions
1351728547,INFO,Starting analysis m: 375 t: 1 e: 22
1351728828,WARN,Disabling IridiumMessageSender transmissions
1351730137,INFO,Completed analysis m: 375 t: 1 e: 22
1351730163,INFO,Enabling IridiumMessageSender transmissions
1351779696,INFO,Starting analysis m: 375 t: 1 e: 23
1351779997,WARN,Disabling IridiumMessageSender transmissions
1351781066,WARN,wd unserviced for 936
1351781867,INFO,Completed analysis m: 375 t: 1 e: 23
1351781892,INFO,Enabling IridiumMessageSender transmissions
1351804241,INFO,Max CNO changed from 45 to 48
1351830839,INFO,Starting analysis m: 375 t: 1 e: 24
1351831119,WARN,Disabling IridiumMessageSender transmissions
1351832481,INFO,Completed analysis m: 375 t: 1 e: 24
1351832506,INFO,Enabling IridiumMessageSender transmissions
1351868051,INFO,powerData | solV: 0.00
1351868080,INFO,powerData | solI: 0.00
1351868100,INFO,powerData | battV: 4.08
1351868123,INFO,powerData | battI: -0.07
1351868143,INFO,powerData | busV: 4.07
1351868166,INFO,powerData | busI: 0.06
1351868186,INFO,powerData | BQ status reg: 0
1351868207,INFO,powerData | Fault reg: 0
1351868229,INFO,powerData | Charge status: 0
1351868250,INFO,powerData | DPM status: 0
1351881990,INFO,Starting analysis m: 375 t: 1 e: 25
1351882276,WARN,Disabling IridiumMessageSender transmissions
1351883583,INFO,Completed analysis m: 375 t: 1 e: 25
1351883612,INFO,Enabling IridiumMessageSender transmissions
1351884154,INFO,Max CNO changed from 48 to 45
1351933130,INFO,Starting analysis m: 375 t: 1 e: 26
1351933421,WARN,Disabling IridiumMessageSender transmissions
1351934670,INFO,Completed analysis m: 375 t: 1 e: 26
1351934697,INFO,Enabling IridiumMessageSender transmissions
1351984275,INFO,Starting analysis m: 375 t: 1 e: 27
1351984556,WARN,Disabling IridiumMessageSender transmissions
1351985827,INFO,Completed analysis m: 375 t: 1 e: 27
1351985856,INFO,Enabling IridiumMessageSender transmissions
1352035426,INFO,Starting analysis m: 375 t: 1 e: 28
1352035717,WARN,Disabling IridiumMessageSender transmissions
1352037042,INFO,Completed analysis m: 375 t: 1 e: 28
1352037066,INFO,Enabling IridiumMessageSender transmissions
1352086579,INFO,Starting analysis m: 375 t: 1 e: 29
1352086859,WARN,Disabling IridiumMessageSender transmissions
1352088168,INFO,Completed analysis m: 375 t: 1 e: 29
1352088193,INFO,Enabling IridiumMessageSender transmissions
1352137717,INFO,Starting analysis m: 375 t: 1 e: 30
1352138000,WARN,Disabling IridiumMessageSender transmissions
1352139395,INFO,Completed analysis m: 375 t: 1 e: 30
1352139419,INFO,Enabling IridiumMessageSender transmissions
1352168075,INFO,powerData | solV: 0.00
1352168097,INFO,powerData | solI: 0.00
1352168120,INFO,powerData | battV: 4.08
1352168140,INFO,powerData | battI: -0.06
1352168163,INFO,powerData | busV: 4.08
1352168183,INFO,powerData | busI: 0.05
1352168208,INFO,powerData | BQ status reg: 0
1352168230,INFO,powerData | Fault reg: 0
1352168251,INFO,powerData | Charge status: 0
1352168273,INFO,powerData | DPM status: 0
1352188874,INFO,Starting analysis m: 375 t: 1 e: 31
1352189165,WARN,Disabling IridiumMessageSender transmissions
1352190457,INFO,Completed analysis m: 375 t: 1 e: 31
1352190482,INFO,Enabling IridiumMessageSender transmissions
1352240013,INFO,Starting analysis m: 375 t: 1 e: 32
1352240295,WARN,Disabling IridiumMessageSender transmissions
1352241604,INFO,Completed analysis m: 375 t: 1 e: 32
1352241629,INFO,Processing stats m: 375 t: 1 e: 33
1352248041,INFO,Finished collection for m: 375 in 1748
1352248066,INFO,Submitting 48 byte / 378 bit message: 
1352248123,DEBUG,m 239 sub to Q at i 0 count: 239
1352248147,DEBUG,1 msgs in Q
1352248195,INFO,Enabling IridiumMessageSender transmissions
1352248231,DEBUG,Sending Q index: 0 id: 239
1352258985,INFO,Send complete: Q index: 0 count_id 239
1352299505,INFO,Starting collection m: 376 t: 0 at 1649000191.20
1352318595,INFO,Submitting 19 byte / 150 bit SMC message: 
1352318638,DEBUG,m 240 sub to Q at i 0 count: 240
1352318664,DEBUG,1 msgs in Q
1352318824,DEBUG,Sending Q index: 0 id: 240
1352337543,INFO,Send complete: Q index: 0 count_id 240
1352401453,INFO,Starting analysis m: 376 t: 0 e: 0
1352401733,WARN,Disabling IridiumMessageSender transmissions
1352403898,INFO,Completed analysis m: 376 t: 0 e: 0
1352403922,INFO,Enabling IridiumMessageSender transmissions
1352452614,INFO,Starting analysis m: 376 t: 0 e: 1
1352452921,WARN,Disabling IridiumMessageSender transmissions
1352454205,INFO,Completed analysis m: 376 t: 0 e: 1
1352454230,INFO,Enabling IridiumMessageSender transmissions
1352468076,INFO,powerData | solV: 0.00
1352468103,INFO,powerData | solI: 0.00
1352468125,INFO,powerData | battV: 4.08
1352468148,INFO,powerData | battI: -0.07
1352468168,INFO,powerData | busV: 4.07
1352468191,INFO,powerData | busI: 0.07
1352468213,INFO,powerData | BQ status reg: 0
1352468234,INFO,powerData | Fault reg: 0
1352468260,INFO,powerData | Charge status: 0
1352468281,INFO,powerData | DPM status: 0
1352503744,INFO,Starting analysis m: 376 t: 0 e: 2
1352504025,WARN,Disabling IridiumMessageSender transmissions
1352505335,INFO,Completed analysis m: 376 t: 0 e: 2
1352505360,INFO,Enabling IridiumMessageSender transmissions
1352554889,INFO,Starting analysis m: 376 t: 0 e: 3
1352555169,WARN,Disabling IridiumMessageSender transmissions
1352556433,INFO,Completed analysis m: 376 t: 0 e: 3
1352556462,INFO,Enabling IridiumMessageSender transmissions
1352606042,INFO,Starting analysis m: 376 t: 0 e: 4
1352606332,WARN,Disabling IridiumMessageSender transmissions
1352607655,INFO,Completed analysis m: 376 t: 0 e: 4
1352607680,INFO,Enabling IridiumMessageSender transmissions
1352657180,INFO,Starting analysis m: 376 t: 0 e: 5
1352657461,WARN,Disabling IridiumMessageSender transmissions
1352658720,INFO,Completed analysis m: 376 t: 0 e: 5
1352658745,INFO,Enabling IridiumMessageSender transmissions
1352708327,INFO,Starting analysis m: 376 t: 0 e: 6
1352708618,WARN,Disabling IridiumMessageSender transmissions
1352709871,INFO,Completed analysis m: 376 t: 0 e: 6
1352709896,INFO,Enabling IridiumMessageSender transmissions
1352759476,INFO,Starting analysis m: 376 t: 0 e: 7
1352759758,WARN,Disabling IridiumMessageSender transmissions
1352761020,INFO,Completed analysis m: 376 t: 0 e: 7
1352761044,INFO,Enabling IridiumMessageSender transmissions
1352768083,INFO,powerData | solV: 0.00
1352768106,INFO,powerData | solI: 0.00
1352768131,INFO,powerData | battV: 4.08
1352768151,INFO,powerData | battI: -0.05
1352768176,INFO,powerData | busV: 4.08
1352768200,INFO,powerData | busI: 0.05
1352768223,INFO,powerData | BQ status reg: 0
1352768243,INFO,powerData | Fault reg: 0
1352768266,INFO,powerData | Charge status: 0
1352768286,INFO,powerData | DPM status: 0
1352810620,INFO,Starting analysis m: 376 t: 0 e: 8
1352810903,WARN,Disabling IridiumMessageSender transmissions
1352812167,INFO,Completed analysis m: 376 t: 0 e: 8
1352812195,INFO,Enabling IridiumMessageSender transmissions
1352861767,INFO,Starting analysis m: 376 t: 0 e: 9
1352862058,WARN,Disabling IridiumMessageSender transmissions
1352863668,INFO,Completed analysis m: 376 t: 0 e: 9
1352863694,INFO,Enabling IridiumMessageSender transmissions
1352912926,INFO,Starting analysis m: 376 t: 0 e: 10
1352913248,WARN,Disabling IridiumMessageSender transmissions
1352914558,INFO,Completed analysis m: 376 t: 0 e: 10
1352914583,INFO,Enabling IridiumMessageSender transmissions
1352964075,INFO,Starting analysis m: 376 t: 0 e: 11
1352964368,WARN,Disabling IridiumMessageSender transmissions
1352965658,INFO,Completed analysis m: 376 t: 0 e: 11
1352965683,INFO,Enabling IridiumMessageSender transmissions
1353015209,INFO,Starting analysis m: 376 t: 0 e: 12
1353015492,WARN,Disabling IridiumMessageSender transmissions
1353016756,INFO,Completed analysis m: 376 t: 0 e: 12
1353016780,INFO,Enabling IridiumMessageSender transmissions
1353066364,INFO,Starting analysis m: 376 t: 0 e: 13
1353066661,WARN,Disabling IridiumMessageSender transmissions
1353067956,INFO,Completed analysis m: 376 t: 0 e: 13
1353067980,INFO,Enabling IridiumMessageSender transmissions
1353068091,INFO,powerData | solV: 0.00
1353068113,INFO,powerData | solI: 0.00
1353068136,INFO,powerData | battV: 4.08
1353068156,INFO,powerData | battI: -0.06
1353068177,INFO,powerData | busV: 4.07
1353068199,INFO,powerData | busI: 0.06
1353068220,INFO,powerData | BQ status reg: 0
1353068242,INFO,powerData | Fault reg: 0
1353068271,INFO,powerData | Charge status: 0
1353068298,INFO,powerData | DPM status: 0
1353117507,INFO,Starting analysis m: 376 t: 0 e: 14
1353117790,WARN,Disabling IridiumMessageSender transmissions
1353119098,INFO,Completed analysis m: 376 t: 0 e: 14
1353119123,INFO,Enabling IridiumMessageSender transmissions
1353168654,INFO,Starting analysis m: 376 t: 0 e: 15
1353168936,WARN,Disabling IridiumMessageSender transmissions
1353170243,INFO,Completed analysis m: 376 t: 0 e: 15
1353170274,INFO,Enabling IridiumMessageSender transmissions
1353202786,INFO,Max CNO changed from 45 to 48
1353219805,INFO,Starting analysis m: 376 t: 0 e: 16
1353220085,WARN,Disabling IridiumMessageSender transmissions
1353221332,INFO,Completed analysis m: 376 t: 0 e: 16
1353221357,INFO,Enabling IridiumMessageSender transmissions
1353242738,INFO,Max CNO changed from 48 to 44
1353270947,INFO,Starting analysis m: 376 t: 0 e: 17
1353271228,WARN,Disabling IridiumMessageSender transmissions
1353272537,INFO,Completed analysis m: 376 t: 0 e: 17
1353272567,INFO,Enabling IridiumMessageSender transmissions
1353302687,INFO,Max CNO changed from 44 to 47
1353322086,INFO,Starting analysis m: 376 t: 0 e: 18
1353322377,WARN,Disabling IridiumMessageSender transmissions
1353323743,INFO,Completed analysis m: 376 t: 0 e: 18
1353323769,INFO,Enabling IridiumMessageSender transmissions
1353368096,INFO,powerData | solV: 0.00
1353368119,INFO,powerData | solI: 0.00
1353368141,INFO,powerData | battV: 4.08
1353368162,INFO,powerData | battI: -0.05
1353368188,INFO,powerData | busV: 4.07
1353368209,INFO,powerData | busI: 0.05
1353368229,INFO,powerData | BQ status reg: 0
1353368250,INFO,powerData | Fault reg: 0
1353368272,INFO,powerData | Charge status: 0
1353368293,INFO,powerData | DPM status: 0
1353373235,INFO,Starting analysis m: 376 t: 0 e: 19
1353373517,WARN,Disabling IridiumMessageSender transmissions
1353374883,INFO,Completed analysis m: 376 t: 0 e: 19
1353374908,INFO,Enabling IridiumMessageSender transmissions
1353402621,INFO,Max CNO changed from 47 to 44
1353424400,INFO,Starting analysis m: 376 t: 0 e: 20
1353424687,WARN,Disabling IridiumMessageSender transmissions
1353425987,INFO,Completed analysis m: 376 t: 0 e: 20
1353426012,INFO,Enabling IridiumMessageSender transmissions
1353442531,INFO,Max CNO changed from 44 to 47
1353475536,INFO,Starting analysis m: 376 t: 0 e: 21
1353475829,WARN,Disabling IridiumMessageSender transmissions
1353477128,INFO,Completed analysis m: 376 t: 0 e: 21
1353477152,INFO,Enabling IridiumMessageSender transmissions
1353526683,INFO,Starting analysis m: 376 t: 0 e: 22
1353526964,WARN,Disabling IridiumMessageSender transmissions
1353528272,INFO,Completed analysis m: 376 t: 0 e: 22
1353528297,INFO,Enabling IridiumMessageSender transmissions
1353577830,INFO,Starting analysis m: 376 t: 0 e: 23
1353578123,WARN,Disabling IridiumMessageSender transmissions
1353579417,INFO,Completed analysis m: 376 t: 0 e: 23
1353579442,INFO,Enabling IridiumMessageSender transmissions
1353602375,INFO,Max CNO changed from 47 to 44
1353622349,INFO,Max CNO changed from 44 to 47
1353628971,INFO,Starting analysis m: 376 t: 0 e: 24
1353629253,WARN,Disabling IridiumMessageSender transmissions
1353630568,INFO,Completed analysis m: 376 t: 0 e: 24
1353630593,INFO,Enabling IridiumMessageSender transmissions
1353668114,INFO,powerData | solV: 0.00
1353668139,INFO,powerData | solI: 0.00
1353668159,INFO,powerData | battV: 4.08
1353668179,INFO,powerData | battI: -0.07
1353668202,INFO,powerData | busV: 4.07
1353668227,INFO,powerData | busI: 0.06
1353668247,INFO,powerData | BQ status reg: 0
1353668270,INFO,powerData | Fault reg: 0
1353668290,INFO,powerData | Charge status: 0
1353668311,INFO,powerData | DPM status: 0
1353680128,INFO,Starting analysis m: 376 t: 0 e: 25
1353680408,WARN,Disabling IridiumMessageSender transmissions
1353681713,INFO,Completed analysis m: 376 t: 0 e: 25
1353681739,INFO,Enabling IridiumMessageSender transmissions
1353722247,INFO,Max CNO changed from 47 to 44
1353731276,INFO,Starting analysis m: 376 t: 0 e: 26
1353731557,WARN,Disabling IridiumMessageSender transmissions
1353732808,INFO,Completed analysis m: 376 t: 0 e: 26
1353732833,INFO,Enabling IridiumMessageSender transmissions
1353782423,INFO,Starting analysis m: 376 t: 0 e: 27
1353782704,WARN,Disabling IridiumMessageSender transmissions
1353784016,INFO,Completed analysis m: 376 t: 0 e: 27
1353784043,INFO,Enabling IridiumMessageSender transmissions
1353802170,INFO,Max CNO changed from 44 to 47
1353833566,INFO,Starting analysis m: 376 t: 0 e: 28
1353833861,WARN,Disabling IridiumMessageSender transmissions
1353835194,INFO,Completed analysis m: 376 t: 0 e: 28
1353835218,INFO,Enabling IridiumMessageSender transmissions
1353884717,INFO,Starting analysis m: 376 t: 0 e: 29
1353885036,WARN,Disabling IridiumMessageSender transmissions
1353886355,INFO,Completed analysis m: 376 t: 0 e: 29
1353886380,INFO,Enabling IridiumMessageSender transmissions
1353935857,INFO,Starting analysis m: 376 t: 0 e: 30
1353936240,WARN,Disabling IridiumMessageSender transmissions
1353937534,INFO,Completed analysis m: 376 t: 0 e: 30
1353937559,INFO,Enabling IridiumMessageSender transmissions
1353968117,INFO,powerData | solV: 0.00
1353968146,INFO,powerData | solI: 0.00
1353968168,INFO,powerData | battV: 4.08
1353968191,INFO,powerData | battI: -0.06
1353968211,INFO,powerData | busV: 4.07
1353968232,INFO,powerData | busI: 0.05
1353968254,INFO,powerData | BQ status reg: 0
1353968275,INFO,powerData | Fault reg: 0
1353968295,INFO,powerData | Charge status: 0
1353968322,INFO,powerData | DPM status: 0
1353987000,INFO,Starting analysis m: 376 t: 0 e: 31
1353987282,WARN,Disabling IridiumMessageSender transmissions
1353988612,INFO,Completed analysis m: 376 t: 0 e: 31
1353988636,INFO,Enabling IridiumMessageSender transmissions
1354038151,INFO,Starting analysis m: 376 t: 0 e: 32
1354038433,WARN,Disabling IridiumMessageSender transmissions
1354039740,INFO,Completed analysis m: 376 t: 0 e: 32
1354039764,INFO,Processing stats m: 376 t: 0 e: 33
1354045921,INFO,Enabling IridiumMessageSender transmissions
1354097637,INFO,Starting collection m: 376 t: 1 at 1649001991.20
1354199588,INFO,Starting analysis m: 376 t: 1 e: 0
1354199881,WARN,Disabling IridiumMessageSender transmissions
1354200930,INFO,Completed analysis m: 376 t: 1 e: 0
1354200965,INFO,Enabling IridiumMessageSender transmissions
1354250731,INFO,Starting analysis m: 376 t: 1 e: 1
1354251012,WARN,Disabling IridiumMessageSender transmissions
1354252273,INFO,Completed analysis m: 376 t: 1 e: 1
1354252302,INFO,Enabling IridiumMessageSender transmissions
1354268123,INFO,powerData | solV: 0.00
1354268145,INFO,powerData | solI: 0.00
1354268166,INFO,powerData | battV: 4.08
1354268188,INFO,powerData | battI: -0.07
1354268211,INFO,powerData | busV: 4.07
1354268235,INFO,powerData | busI: 0.06
1354268260,INFO,powerData | BQ status reg: 0
1354268280,INFO,powerData | Fault reg: 0
1354268301,INFO,powerData | Charge status: 0
1354268323,INFO,powerData | DPM status: 0
1354301874,INFO,Starting analysis m: 376 t: 1 e: 2
1354302164,WARN,Disabling IridiumMessageSender transmissions
1354303467,INFO,Completed analysis m: 376 t: 1 e: 2
1354303492,INFO,Enabling IridiumMessageSender transmissions
1354353031,INFO,Starting analysis m: 376 t: 1 e: 3
1354353313,WARN,Disabling IridiumMessageSender transmissions
1354354696,INFO,Completed analysis m: 376 t: 1 e: 3
1354354720,INFO,Enabling IridiumMessageSender transmissions
1354404177,INFO,Starting analysis m: 376 t: 1 e: 4
1354404470,WARN,Disabling IridiumMessageSender transmissions
1354405808,INFO,Completed analysis m: 376 t: 1 e: 4
1354405832,INFO,Enabling IridiumMessageSender transmissions
1354455324,INFO,Starting analysis m: 376 t: 1 e: 5
1354455642,WARN,Disabling IridiumMessageSender transmissions
1354456965,INFO,Completed analysis m: 376 t: 1 e: 5
1354456989,INFO,Enabling IridiumMessageSender transmissions
1354461478,INFO,Max CNO changed from 47 to 44
1354506465,INFO,Starting analysis m: 376 t: 1 e: 6
1354506754,WARN,Disabling IridiumMessageSender transmissions
1354508058,INFO,Completed analysis m: 376 t: 1 e: 6
1354508083,INFO,Enabling IridiumMessageSender transmissions
1354557609,INFO,Starting analysis m: 376 t: 1 e: 7
1354557890,WARN,Disabling IridiumMessageSender transmissions
1354559211,INFO,Completed analysis m: 376 t: 1 e: 7
1354559236,INFO,Enabling IridiumMessageSender transmissions
1354568126,INFO,powerData | solV: 0.00
1354568148,INFO,powerData | solI: 0.00
1354568169,INFO,powerData | battV: 4.08
1354568196,INFO,powerData | battI: -0.05
1354568216,INFO,powerData | busV: 4.07
1354568237,INFO,powerData | busI: 0.05
1354568259,INFO,powerData | BQ status reg: 0
1354568280,INFO,powerData | Fault reg: 0
1354568300,INFO,powerData | Charge status: 0
1354568327,INFO,powerData | DPM status: 0
1354608766,INFO,Starting analysis m: 376 t: 1 e: 8
1354609049,WARN,Disabling IridiumMessageSender transmissions
1354610354,INFO,Completed analysis m: 376 t: 1 e: 8
1354610378,INFO,Enabling IridiumMessageSender transmissions
1354659907,INFO,Starting analysis m: 376 t: 1 e: 9
1354660198,WARN,Disabling IridiumMessageSender transmissions
1354661744,INFO,Completed analysis m: 376 t: 1 e: 9
1354661769,INFO,Enabling IridiumMessageSender transmissions
1354711054,INFO,Starting analysis m: 376 t: 1 e: 10
1354711334,WARN,Disabling IridiumMessageSender transmissions
1354712651,INFO,Completed analysis m: 376 t: 1 e: 10
1354712676,INFO,Enabling IridiumMessageSender transmissions
1354762207,INFO,Starting analysis m: 376 t: 1 e: 11
1354762502,WARN,Disabling IridiumMessageSender transmissions
1354763806,INFO,Completed analysis m: 376 t: 1 e: 11
1354763831,INFO,Enabling IridiumMessageSender transmissions
1354813351,INFO,Starting analysis m: 376 t: 1 e: 12
1354813632,WARN,Disabling IridiumMessageSender transmissions
1354814894,INFO,Completed analysis m: 376 t: 1 e: 12
1354814918,INFO,Enabling IridiumMessageSender transmissions
1354821115,INFO,Max CNO changed from 44 to 48
1354841096,INFO,Max CNO changed from 48 to 45
1354864492,INFO,Starting analysis m: 376 t: 1 e: 13
1354864785,WARN,Disabling IridiumMessageSender transmissions
1354866135,INFO,Completed analysis m: 376 t: 1 e: 13
1354866159,INFO,Enabling IridiumMessageSender transmissions
1354868127,INFO,powerData | solV: 0.00
1354868150,INFO,powerData | solI: 0.00
1354868170,INFO,powerData | battV: 4.08
1354868191,INFO,powerData | battI: -0.06
1354868213,INFO,powerData | busV: 4.07
1354868236,INFO,powerData | busI: 0.05
1354868256,INFO,powerData | BQ status reg: 0
1354868281,INFO,powerData | Fault reg: 0
1354868303,INFO,powerData | Charge status: 0
1354868324,INFO,powerData | DPM status: 0
1354915637,INFO,Starting analysis m: 376 t: 1 e: 14
1354915919,WARN,Disabling IridiumMessageSender transmissions
1354917277,INFO,Completed analysis m: 376 t: 1 e: 14
1354917302,INFO,Enabling IridiumMessageSender transmissions
1354966800,INFO,Starting analysis m: 376 t: 1 e: 15
1354967085,WARN,Disabling IridiumMessageSender transmissions
1354968401,INFO,Completed analysis m: 376 t: 1 e: 15
1354968430,INFO,Enabling IridiumMessageSender transmissions
1355017936,INFO,Starting analysis m: 376 t: 1 e: 16
1355018227,WARN,Disabling IridiumMessageSender transmissions
1355019528,INFO,Completed analysis m: 376 t: 1 e: 16
1355019552,INFO,Enabling IridiumMessageSender transmissions
1355069087,INFO,Starting analysis m: 376 t: 1 e: 17
1355069368,WARN,Disabling IridiumMessageSender transmissions
1355070676,INFO,Completed analysis m: 376 t: 1 e: 17
1355070703,INFO,Enabling IridiumMessageSender transmissions
1355120232,INFO,Starting analysis m: 376 t: 1 e: 18
1355120523,WARN,Disabling IridiumMessageSender transmissions
1355121719,INFO,Completed analysis m: 376 t: 1 e: 18
1355121747,INFO,Enabling IridiumMessageSender transmissions
1355168161,INFO,powerData | solV: 0.00
1355168184,INFO,powerData | solI: 0.00
1355168208,INFO,powerData | battV: 4.08
1355168229,INFO,powerData | battI: -0.07
1355168249,INFO,powerData | busV: 4.07
1355168272,INFO,powerData | busI: 0.07
1355168292,INFO,powerData | BQ status reg: 0
1355168309,INFO,powerData | Fault reg: 0
1355168331,INFO,powerData | Charge status: 0
1355168352,INFO,powerData | DPM status: 0
1355171385,INFO,Starting analysis m: 376 t: 1 e: 19
1355171665,WARN,Disabling IridiumMessageSender transmissions
1355172970,INFO,Completed analysis m: 376 t: 1 e: 19
1355172995,INFO,Enabling IridiumMessageSender transmissions
1355222530,INFO,Starting analysis m: 376 t: 1 e: 20
1355222812,WARN,Disabling IridiumMessageSender transmissions
1355224131,INFO,Completed analysis m: 376 t: 1 e: 20
1355224156,INFO,Enabling IridiumMessageSender transmissions
1355273676,INFO,Starting analysis m: 376 t: 1 e: 21
1355273967,WARN,Disabling IridiumMessageSender transmissions
1355275264,INFO,Completed analysis m: 376 t: 1 e: 21
1355275288,INFO,Enabling IridiumMessageSender transmissions
1355324815,INFO,Starting analysis m: 376 t: 1 e: 22
1355325095,WARN,Disabling IridiumMessageSender transmissions
1355326355,INFO,Completed analysis m: 376 t: 1 e: 22
1355326384,INFO,Enabling IridiumMessageSender transmissions
1355375970,INFO,Starting analysis m: 376 t: 1 e: 23
1355376273,WARN,Disabling IridiumMessageSender transmissions
1355377614,INFO,Completed analysis m: 376 t: 1 e: 23
1355377639,INFO,Enabling IridiumMessageSender transmissions
1355427108,INFO,Starting analysis m: 376 t: 1 e: 24
1355427428,WARN,Disabling IridiumMessageSender transmissions
1355428743,INFO,Completed analysis m: 376 t: 1 e: 24
1355428767,INFO,Enabling IridiumMessageSender transmissions
1355468167,INFO,powerData | solV: 0.00
1355468193,INFO,powerData | solI: 0.00
1355468216,INFO,powerData | battV: 4.08
1355468236,INFO,powerData | battI: -0.06
1355468257,INFO,powerData | busV: 4.07
1355468277,INFO,powerData | busI: 0.05
1355468298,INFO,powerData | BQ status reg: 0
1355468318,INFO,powerData | Fault reg: 0
1355468343,INFO,powerData | Charge status: 0
1355468363,INFO,powerData | DPM status: 0
1355478261,INFO,Starting analysis m: 376 t: 1 e: 25
1355478542,WARN,Disabling IridiumMessageSender transmissions
1355479857,INFO,Completed analysis m: 376 t: 1 e: 25
1355479881,INFO,Enabling IridiumMessageSender transmissions
1355529402,INFO,Starting analysis m: 376 t: 1 e: 26
1355529693,WARN,Disabling IridiumMessageSender transmissions
1355530936,INFO,Completed analysis m: 376 t: 1 e: 26
1355530962,INFO,Enabling IridiumMessageSender transmissions
1355580551,INFO,Starting analysis m: 376 t: 1 e: 27
1355580833,WARN,Disabling IridiumMessageSender transmissions
1355582146,INFO,Completed analysis m: 376 t: 1 e: 27
1355582175,INFO,Enabling IridiumMessageSender transmissions
1355631706,INFO,Starting analysis m: 376 t: 1 e: 28
1355632001,WARN,Disabling IridiumMessageSender transmissions
1355633293,INFO,Completed analysis m: 376 t: 1 e: 28
1355633317,INFO,Enabling IridiumMessageSender transmissions
1355682848,INFO,Starting analysis m: 376 t: 1 e: 29
1355683129,WARN,Disabling IridiumMessageSender transmissions
1355684438,INFO,Completed analysis m: 376 t: 1 e: 29
1355684462,INFO,Enabling IridiumMessageSender transmissions
1355733991,INFO,Starting analysis m: 376 t: 1 e: 30
1355734274,WARN,Disabling IridiumMessageSender transmissions
1355735666,INFO,Completed analysis m: 376 t: 1 e: 30
1355735689,INFO,Enabling IridiumMessageSender transmissions
1355768176,INFO,powerData | solV: 0.00
1355768199,INFO,powerData | solI: 0.00
1355768219,INFO,powerData | battV: 4.08
1355768240,INFO,powerData | battI: -0.05
1355768262,INFO,powerData | busV: 4.07
1355768287,INFO,powerData | busI: 0.05
1355768313,INFO,powerData | BQ status reg: 0
1355768336,INFO,powerData | Fault reg: 0
1355768356,INFO,powerData | Charge status: 0
1355768377,INFO,powerData | DPM status: 0
1355785144,INFO,Starting analysis m: 376 t: 1 e: 31
1355785437,WARN,Disabling IridiumMessageSender transmissions
1355786729,INFO,Completed analysis m: 376 t: 1 e: 31
1355786754,INFO,Enabling IridiumMessageSender transmissions
1355836297,INFO,Starting analysis m: 376 t: 1 e: 32
1355836579,WARN,Disabling IridiumMessageSender transmissions
1355837929,INFO,Completed analysis m: 376 t: 1 e: 32
1355837952,INFO,Processing stats m: 376 t: 1 e: 33
1355844825,INFO,Finished collection for m: 376 in 1749
1355844849,INFO,Submitting 48 byte / 378 bit message: 
1355844902,DEBUG,m 241 sub to Q at i 0 count: 241
1355844927,DEBUG,1 msgs in Q
1355844974,INFO,Enabling IridiumMessageSender transmissions
1355845013,DEBUG,Sending Q index: 0 id: 241
1355855286,INFO,Send complete: Q index: 0 count_id 241
1355895783,INFO,Starting collection m: 377 t: 0 at 1649003791.20
1355913623,INFO,Submitting 19 byte / 150 bit SMC message: 
1355913666,DEBUG,m 242 sub to Q at i 0 count: 242
1355913689,DEBUG,1 msgs in Q
1355913861,DEBUG,Sending Q index: 0 id: 242
1355923824,INFO,Send complete: Q index: 0 count_id 242
1355997724,INFO,Starting analysis m: 377 t: 0 e: 0
1355998046,WARN,Disabling IridiumMessageSender transmissions
1355999129,INFO,Completed analysis m: 377 t: 0 e: 0
1355999154,INFO,Enabling IridiumMessageSender transmissions
1356048863,INFO,Starting analysis m: 377 t: 0 e: 1
1356049158,WARN,Disabling IridiumMessageSender transmissions
1356050456,INFO,Completed analysis m: 377 t: 0 e: 1
1356050481,INFO,Enabling IridiumMessageSender transmissions
1356068184,INFO,powerData | solV: 0.00
1356068206,INFO,powerData | solI: 0.00
1356068227,INFO,powerData | battV: 4.08
1356068247,INFO,powerData | battI: -0.06
1356068268,INFO,powerData | busV: 4.07
1356068288,INFO,powerData | busI: 0.06
1356068311,INFO,powerData | BQ status reg: 0
1356068335,INFO,powerData | Fault reg: 0
1356068358,INFO,powerData | Charge status: 0
1356068384,INFO,powerData | DPM status: 0
1356100018,INFO,Starting analysis m: 377 t: 0 e: 2
1356100298,WARN,Disabling IridiumMessageSender transmissions
1356101617,INFO,Completed analysis m: 377 t: 0 e: 2
1356101642,INFO,Enabling IridiumMessageSender transmissions
1356151154,INFO,Starting analysis m: 377 t: 0 e: 3
1356151445,WARN,Disabling IridiumMessageSender transmissions
1356152696,INFO,Completed analysis m: 377 t: 0 e: 3
1356152723,INFO,Enabling IridiumMessageSender transmissions
1356202301,INFO,Starting analysis m: 377 t: 0 e: 4
1356202582,WARN,Disabling IridiumMessageSender transmissions
1356203837,INFO,Completed analysis m: 377 t: 0 e: 4
1356203862,INFO,Enabling IridiumMessageSender transmissions
1356253454,INFO,Starting analysis m: 377 t: 0 e: 5
1356253743,WARN,Disabling IridiumMessageSender transmissions
1356254988,INFO,Completed analysis m: 377 t: 0 e: 5
1356255012,INFO,Enabling IridiumMessageSender transmissions
1356304605,INFO,Starting analysis m: 377 t: 0 e: 6
1356304887,WARN,Disabling IridiumMessageSender transmissions
1356306198,INFO,Completed analysis m: 377 t: 0 e: 6
1356306223,INFO,Enabling IridiumMessageSender transmissions
1356355745,INFO,Starting analysis m: 377 t: 0 e: 7
1356356036,WARN,Disabling IridiumMessageSender transmissions
1356357287,INFO,Completed analysis m: 377 t: 0 e: 7
1356357310,INFO,Enabling IridiumMessageSender transmissions
1356368191,INFO,powerData | solV: 0.00
1356368218,INFO,powerData | solI: 0.00
1356368238,INFO,powerData | battV: 4.08
1356368259,INFO,powerData | battI: -0.06
1356368279,INFO,powerData | busV: 4.07
1356368300,INFO,powerData | busI: 0.05
1356368322,INFO,powerData | BQ status reg: 0
1356368343,INFO,powerData | Fault reg: 0
1356368363,INFO,powerData | Charge status: 0
1356368384,INFO,powerData | DPM status: 0
1356406900,INFO,Starting analysis m: 377 t: 0 e: 8
1356407183,WARN,Disabling IridiumMessageSender transmissions
1356408537,INFO,Completed analysis m: 377 t: 0 e: 8
1356408565,INFO,Enabling IridiumMessageSender transmissions
1356458039,INFO,Starting analysis m: 377 t: 0 e: 9
1356458328,WARN,Disabling IridiumMessageSender transmissions
1356459915,INFO,Completed analysis m: 377 t: 0 e: 9
1356459939,INFO,Enabling IridiumMessageSender transmissions
1356479381,INFO,Max CNO changed from 45 to 48
1356509204,INFO,Starting analysis m: 377 t: 0 e: 10
1356509497,WARN,Disabling IridiumMessageSender transmissions
1356510793,INFO,Completed analysis m: 377 t: 0 e: 10
1356510822,INFO,Enabling IridiumMessageSender transmissions
1356539342,INFO,Max CNO changed from 48 to 45
1356559329,INFO,Max CNO changed from 45 to 48
1356560330,INFO,Starting analysis m: 377 t: 0 e: 11
1356560621,WARN,Disabling IridiumMessageSender transmissions
1356561924,INFO,Completed analysis m: 377 t: 0 e: 11
1356561948,INFO,Enabling IridiumMessageSender transmissions
1356611491,INFO,Starting analysis m: 377 t: 0 e: 12
1356611774,WARN,Disabling IridiumMessageSender transmissions
1356613076,INFO,Completed analysis m: 377 t: 0 e: 12
1356613101,INFO,Enabling IridiumMessageSender transmissions
1356662636,INFO,Starting analysis m: 377 t: 0 e: 13
1356662927,WARN,Disabling IridiumMessageSender transmissions
1356664221,INFO,Completed analysis m: 377 t: 0 e: 13
1356664246,INFO,Enabling IridiumMessageSender transmissions
1356668203,INFO,powerData | solV: 0.00
1356668225,INFO,powerData | solI: 0.00
1356668246,INFO,powerData | battV: 4.08
1356668268,INFO,powerData | battI: -0.06
1356668293,INFO,powerData | busV: 4.07
1356668315,INFO,powerData | busI: 0.05
1356668336,INFO,powerData | BQ status reg: 0
1356668356,INFO,powerData | Fault reg: 0
1356668377,INFO,powerData | Charge status: 0
1356668397,INFO,powerData | DPM status: 0
1356699150,INFO,Max CNO changed from 48 to 45
1356713777,INFO,Starting analysis m: 377 t: 0 e: 14
1356714059,WARN,Disabling IridiumMessageSender transmissions
1356715321,INFO,Completed analysis m: 377 t: 0 e: 14
1356715345,INFO,Enabling IridiumMessageSender transmissions
1356739108,INFO,Max CNO changed from 45 to 48
1356764921,INFO,Starting analysis m: 377 t: 0 e: 15
1356765202,WARN,Disabling IridiumMessageSender transmissions
1356766507,INFO,Completed analysis m: 377 t: 0 e: 15
1356766531,INFO,Enabling IridiumMessageSender transmissions
1356816074,INFO,Starting analysis m: 377 t: 0 e: 16
1356816355,WARN,Disabling IridiumMessageSender transmissions
1356817659,INFO,Completed analysis m: 377 t: 0 e: 16
1356817684,INFO,Enabling IridiumMessageSender transmissions
1356867213,INFO,Starting analysis m: 377 t: 0 e: 17
1356867493,WARN,Disabling IridiumMessageSender transmissions
1356868757,INFO,Completed analysis m: 377 t: 0 e: 17
1356868780,INFO,Enabling IridiumMessageSender transmissions
1356918360,INFO,Starting analysis m: 377 t: 0 e: 18
1356918650,WARN,Disabling IridiumMessageSender transmissions
1356920020,INFO,Completed analysis m: 377 t: 0 e: 18
1356920045,INFO,Enabling IridiumMessageSender transmissions
1356968210,INFO,powerData | solV: 0.02
1356968241,INFO,powerData | solI: 0.00
1356968265,INFO,powerData | battV: 4.08
1356968286,INFO,powerData | battI: -0.05
1356968306,INFO,powerData | busV: 4.07
1356968327,INFO,powerData | busI: 0.05
1356968347,INFO,powerData | BQ status reg: 0
1356968370,INFO,powerData | Fault reg: 0
1356968390,INFO,powerData | Charge status: 0
1356968411,INFO,powerData | DPM status: 0
1356969515,INFO,Starting analysis m: 377 t: 0 e: 19
1356969834,WARN,Disabling IridiumMessageSender transmissions
1356971151,INFO,Completed analysis m: 377 t: 0 e: 19
1356971173,INFO,Enabling IridiumMessageSender transmissions
1357020655,INFO,Starting analysis m: 377 t: 0 e: 20
1357020936,WARN,Disabling IridiumMessageSender transmissions
1357022248,INFO,Completed analysis m: 377 t: 0 e: 20
1357022273,INFO,Enabling IridiumMessageSender transmissions
1357071810,INFO,Starting analysis m: 377 t: 0 e: 21
1357072101,WARN,Disabling IridiumMessageSender transmissions
1357073393,INFO,Completed analysis m: 377 t: 0 e: 21
1357073424,INFO,Enabling IridiumMessageSender transmissions
1357118726,INFO,Max CNO changed from 48 to 45
1357122951,INFO,Starting analysis m: 377 t: 0 e: 22
1357123231,WARN,Disabling IridiumMessageSender transmissions
1357124493,INFO,Completed analysis m: 377 t: 0 e: 22
1357124517,INFO,Enabling IridiumMessageSender transmissions
1357174106,INFO,Starting analysis m: 377 t: 0 e: 23
1357174398,WARN,Disabling IridiumMessageSender transmissions
1357175689,INFO,Completed analysis m: 377 t: 0 e: 23
1357175717,INFO,Enabling IridiumMessageSender transmissions
1357225240,INFO,Starting analysis m: 377 t: 0 e: 24
1357225523,WARN,Disabling IridiumMessageSender transmissions
1357226782,INFO,Completed analysis m: 377 t: 0 e: 24
1357226807,INFO,Enabling IridiumMessageSender transmissions
1357268215,INFO,powerData | solV: 0.04
1357268238,INFO,powerData | solI: 0.00
1357268258,INFO,powerData | battV: 4.08
1357268279,INFO,powerData | battI: -0.06
1357268301,INFO,powerData | busV: 4.07
1357268324,INFO,powerData | busI: 0.06
1357268355,INFO,powerData | BQ status reg: 0
1357268375,INFO,powerData | Fault reg: 0
1357268398,INFO,powerData | Charge status: 0
1357268418,INFO,powerData | DPM status: 0
1357276401,INFO,Starting analysis m: 377 t: 0 e: 25
1357276682,WARN,Disabling IridiumMessageSender transmissions
1357277988,INFO,Completed analysis m: 377 t: 0 e: 25
1357278013,INFO,Enabling IridiumMessageSender transmissions
1357327542,INFO,Starting analysis m: 377 t: 0 e: 26
1357327833,WARN,Disabling IridiumMessageSender transmissions
1357329137,INFO,Completed analysis m: 377 t: 0 e: 26
1357329162,INFO,Enabling IridiumMessageSender transmissions
1357378686,INFO,Starting analysis m: 377 t: 0 e: 27
1357378967,WARN,Disabling IridiumMessageSender transmissions
1357380339,INFO,Completed analysis m: 377 t: 0 e: 27
1357380364,INFO,Enabling IridiumMessageSender transmissions
1357429829,INFO,Starting analysis m: 377 t: 0 e: 28
1357430120,WARN,Disabling IridiumMessageSender transmissions
1357431468,INFO,Completed analysis m: 377 t: 0 e: 28
1357431496,INFO,Enabling IridiumMessageSender transmissions
1357480988,INFO,Starting analysis m: 377 t: 0 e: 29
1357481273,WARN,Disabling IridiumMessageSender transmissions
1357482577,INFO,Completed analysis m: 377 t: 0 e: 29
1357482602,INFO,Enabling IridiumMessageSender transmissions
1357532135,INFO,Starting analysis m: 377 t: 0 e: 30
1357532428,WARN,Disabling IridiumMessageSender transmissions
1357533720,INFO,Completed analysis m: 377 t: 0 e: 30
1357533745,INFO,Enabling IridiumMessageSender transmissions
1357568223,INFO,powerData | solV: 0.20
1357568245,INFO,powerData | solI: 0.00
1357568266,INFO,powerData | battV: 4.08
1357568286,INFO,powerData | battI: -0.05
1357568307,INFO,powerData | busV: 4.07
1357568327,INFO,powerData | busI: 0.05
1357568348,INFO,powerData | BQ status reg: 0
1357568368,INFO,powerData | Fault reg: 0
1357568391,INFO,powerData | Charge status: 0
1357568415,INFO,powerData | DPM status: 0
1357583282,INFO,Starting analysis m: 377 t: 0 e: 31
1357583566,WARN,Disabling IridiumMessageSender transmissions
1357584875,INFO,Completed analysis m: 377 t: 0 e: 31
1357584900,INFO,Enabling IridiumMessageSender transmissions
1357634414,INFO,Starting analysis m: 377 t: 0 e: 32
1357634705,WARN,Disabling IridiumMessageSender transmissions
1357635956,INFO,Completed analysis m: 377 t: 0 e: 32
1357635979,INFO,Processing stats m: 377 t: 0 e: 33
1357642004,INFO,Enabling IridiumMessageSender transmissions
1357693904,INFO,Starting collection m: 377 t: 1 at 1649005591.20
1357795858,INFO,Starting analysis m: 377 t: 1 e: 0
1357796141,WARN,Disabling IridiumMessageSender transmissions
1357797199,INFO,Completed analysis m: 377 t: 1 e: 0
1357797224,INFO,Enabling IridiumMessageSender transmissions
1357847009,INFO,Starting analysis m: 377 t: 1 e: 1
1357847289,WARN,Disabling IridiumMessageSender transmissions
1357848594,INFO,Completed analysis m: 377 t: 1 e: 1
1357848619,INFO,Enabling IridiumMessageSender transmissions
1357868224,INFO,powerData | solV: 0.65
1357868251,INFO,powerData | solI: 0.00
1357868273,INFO,powerData | battV: 4.08
1357868294,INFO,powerData | battI: -0.07
1357868316,INFO,powerData | busV: 4.07
1357868337,INFO,powerData | busI: 0.06
1357868357,INFO,powerData | BQ status reg: 0
1357868380,INFO,powerData | Fault reg: 0
1357868400,INFO,powerData | Charge status: 0
1357868423,INFO,powerData | DPM status: 0
1357898147,INFO,Starting analysis m: 377 t: 1 e: 2
1357898438,WARN,Disabling IridiumMessageSender transmissions
1357899741,INFO,Completed analysis m: 377 t: 1 e: 2
1357899769,INFO,Enabling IridiumMessageSender transmissions
1357949292,INFO,Starting analysis m: 377 t: 1 e: 3
1357949575,WARN,Disabling IridiumMessageSender transmissions
1357950896,INFO,Completed analysis m: 377 t: 1 e: 3
1357950920,INFO,Enabling IridiumMessageSender transmissions
1358000437,INFO,Starting analysis m: 377 t: 1 e: 4
1358000730,WARN,Disabling IridiumMessageSender transmissions
1358002081,INFO,Completed analysis m: 377 t: 1 e: 4
1358002106,INFO,Enabling IridiumMessageSender transmissions
1358051598,INFO,Starting analysis m: 377 t: 1 e: 5
1358051887,WARN,Disabling IridiumMessageSender transmissions
1358053187,INFO,Completed analysis m: 377 t: 1 e: 5
1358053212,INFO,Enabling IridiumMessageSender transmissions
1358102743,INFO,Starting analysis m: 377 t: 1 e: 6
1358103033,WARN,Disabling IridiumMessageSender transmissions
1358104326,INFO,Completed analysis m: 377 t: 1 e: 6
1358104350,INFO,Enabling IridiumMessageSender transmissions
1358153877,INFO,Starting analysis m: 377 t: 1 e: 7
1358154164,WARN,Disabling IridiumMessageSender transmissions
1358155474,INFO,Completed analysis m: 377 t: 1 e: 7
1358155499,INFO,Enabling IridiumMessageSender transmissions
1358168260,INFO,powerData | solV: 2.19
1358168283,INFO,powerData | solI: 0.00
1358168305,INFO,powerData | battV: 4.08
1358168326,INFO,powerData | battI: -0.06
1358168348,INFO,powerData | busV: 4.07
1358168369,INFO,powerData | busI: 0.06
1358168391,INFO,powerData | BQ status reg: 0
1358168412,INFO,powerData | Fault reg: 0
1358168438,INFO,powerData | Charge status: 0
1358168459,INFO,powerData | DPM status: 0
1358205026,INFO,Starting analysis m: 377 t: 1 e: 8
1358205317,WARN,Disabling IridiumMessageSender transmissions
1358206621,INFO,Completed analysis m: 377 t: 1 e: 8
1358206646,INFO,Enabling IridiumMessageSender transmissions
1358256185,INFO,Starting analysis m: 377 t: 1 e: 9
1358256465,WARN,Disabling IridiumMessageSender transmissions
1358258018,INFO,Completed analysis m: 377 t: 1 e: 9
1358258046,INFO,Enabling IridiumMessageSender transmissions
1358307321,INFO,Starting analysis m: 377 t: 1 e: 10
1358307604,WARN,Disabling IridiumMessageSender transmissions
1358308913,INFO,Completed analysis m: 377 t: 1 e: 10
1358308937,INFO,Enabling IridiumMessageSender transmissions
1358317481,INFO,Max CNO changed from 45 to 49
1358357430,INFO,Max CNO changed from 49 to 46
1358358476,INFO,Starting analysis m: 377 t: 1 e: 11
1358358759,WARN,Disabling IridiumMessageSender transmissions
1358360012,INFO,Completed analysis m: 377 t: 1 e: 11
1358360043,INFO,Enabling IridiumMessageSender transmissions
1358409615,INFO,Starting analysis m: 377 t: 1 e: 12
1358409895,WARN,Disabling IridiumMessageSender transmissions
1358411210,INFO,Completed analysis m: 377 t: 1 e: 12
1358411237,INFO,Enabling IridiumMessageSender transmissions
1358460764,INFO,Starting analysis m: 377 t: 1 e: 13
1358461054,WARN,Disabling IridiumMessageSender transmissions
1358462398,INFO,Completed analysis m: 377 t: 1 e: 13
1358462425,INFO,Enabling IridiumMessageSender transmissions
1358468263,INFO,powerData | solV: 3.22
1358468288,INFO,powerData | solI: 0.00
1358468311,INFO,powerData | battV: 4.08
1358468333,INFO,powerData | battI: -0.06
1358468354,INFO,powerData | busV: 4.07
1358468376,INFO,powerData | busI: 0.05
1358468397,INFO,powerData | BQ status reg: 0
1358468419,INFO,powerData | Fault reg: 0
1358468440,INFO,powerData | Charge status: 0
1358468462,INFO,powerData | DPM status: 0
1358511923,INFO,Starting analysis m: 377 t: 1 e: 14
1358512250,WARN,Disabling IridiumMessageSender transmissions
1358513557,INFO,Completed analysis m: 377 t: 1 e: 14
1358513582,INFO,Enabling IridiumMessageSender transmissions
1358563063,INFO,Starting analysis m: 377 t: 1 e: 15
1358563346,WARN,Disabling IridiumMessageSender transmissions
1358564651,INFO,Completed analysis m: 377 t: 1 e: 15
1358564675,INFO,Enabling IridiumMessageSender transmissions
1358614206,INFO,Starting analysis m: 377 t: 1 e: 16
1358614487,WARN,Disabling IridiumMessageSender transmissions
1358615746,INFO,Completed analysis m: 377 t: 1 e: 16
1358615771,INFO,Enabling IridiumMessageSender transmissions
1358665357,INFO,Starting analysis m: 377 t: 1 e: 17
1358665637,WARN,Disabling IridiumMessageSender transmissions
1358666977,INFO,Completed analysis m: 377 t: 1 e: 17
1358667001,INFO,Enabling IridiumMessageSender transmissions
1358716493,INFO,Starting analysis m: 377 t: 1 e: 18
1358716784,WARN,Disabling IridiumMessageSender transmissions
1358717980,INFO,Completed analysis m: 377 t: 1 e: 18
1358718013,INFO,Enabling IridiumMessageSender transmissions
1358767650,INFO,Starting analysis m: 377 t: 1 e: 19
1358767933,WARN,Disabling IridiumMessageSender transmissions
1358768656,INFO,powerData | solV: 3.30
1358768680,INFO,powerData | solI: 0.00
1358768701,INFO,powerData | battV: 4.08
1358768723,INFO,powerData | battI: -0.07
1358768746,INFO,powerData | busV: 4.07
1358768771,INFO,powerData | busI: 0.06
1358768793,INFO,powerData | BQ status reg: 0
1358768816,INFO,powerData | Fault reg: 0
1358768840,INFO,powerData | Charge status: 0
1358768863,INFO,powerData | DPM status: 0
1358769455,INFO,Completed analysis m: 377 t: 1 e: 19
1358769481,INFO,Enabling IridiumMessageSender transmissions
1358818797,INFO,Starting analysis m: 377 t: 1 e: 20
1358819080,WARN,Disabling IridiumMessageSender transmissions
1358820382,INFO,Completed analysis m: 377 t: 1 e: 20
1358820407,INFO,Enabling IridiumMessageSender transmissions
1358869946,INFO,Starting analysis m: 377 t: 1 e: 21
1358870233,WARN,Disabling IridiumMessageSender transmissions
1358871527,INFO,Completed analysis m: 377 t: 1 e: 21
1358871552,INFO,Enabling IridiumMessageSender transmissions
1358921082,INFO,Starting analysis m: 377 t: 1 e: 22
1358921363,WARN,Disabling IridiumMessageSender transmissions
1358922725,INFO,Completed analysis m: 377 t: 1 e: 22
1358922749,INFO,Enabling IridiumMessageSender transmissions
1358972237,INFO,Starting analysis m: 377 t: 1 e: 23
1358972530,WARN,Disabling IridiumMessageSender transmissions
1358973890,INFO,Completed analysis m: 377 t: 1 e: 23
1358973917,INFO,Enabling IridiumMessageSender transmissions
1359023398,INFO,Starting analysis m: 377 t: 1 e: 24
1359023693,WARN,Disabling IridiumMessageSender transmissions
1359024988,INFO,Completed analysis m: 377 t: 1 e: 24
1359025012,INFO,Enabling IridiumMessageSender transmissions
1359068657,INFO,powerData | solV: 4.64
1359068680,INFO,powerData | solI: 0.00
1359068702,INFO,powerData | battV: 4.08
1359068725,INFO,powerData | battI: -0.06
1359068749,INFO,powerData | busV: 4.07
1359068772,INFO,powerData | busI: 0.05
1359068792,INFO,powerData | BQ status reg: 0
1359068815,INFO,powerData | Fault reg: 0
1359068837,INFO,powerData | Charge status: 0
1359068862,INFO,powerData | DPM status: 0
1359074535,INFO,Starting analysis m: 377 t: 1 e: 25
1359074816,WARN,Disabling IridiumMessageSender transmissions
1359076120,INFO,Completed analysis m: 377 t: 1 e: 25
1359076145,INFO,Enabling IridiumMessageSender transmissions
1359125680,INFO,Starting analysis m: 377 t: 1 e: 26
1359125977,WARN,Disabling IridiumMessageSender transmissions
1359127273,INFO,Completed analysis m: 377 t: 1 e: 26
1359127298,INFO,Enabling IridiumMessageSender transmissions
1359136630,INFO,Max CNO changed from 46 to 49
1359156602,INFO,Max CNO changed from 49 to 46
1359176818,INFO,Starting analysis m: 377 t: 1 e: 27
1359177101,WARN,Disabling IridiumMessageSender transmissions
1359178426,INFO,Completed analysis m: 377 t: 1 e: 27
1359178450,INFO,Enabling IridiumMessageSender transmissions
1359227959,INFO,Starting analysis m: 377 t: 1 e: 28
1359228241,WARN,Disabling IridiumMessageSender transmissions
1359229497,INFO,Completed analysis m: 377 t: 1 e: 28
1359229521,INFO,Enabling IridiumMessageSender transmissions
1359279110,INFO,Starting analysis m: 377 t: 1 e: 29
1359279392,WARN,Disabling IridiumMessageSender transmissions
1359280637,INFO,Completed analysis m: 377 t: 1 e: 29
1359280664,INFO,Enabling IridiumMessageSender transmissions
1359330260,INFO,Starting analysis m: 377 t: 1 e: 30
1359330545,WARN,Disabling IridiumMessageSender transmissions
1359331940,INFO,Completed analysis m: 377 t: 1 e: 30
1359331966,INFO,Enabling IridiumMessageSender transmissions
1359368663,INFO,powerData | solV: 5.42
1359368685,INFO,powerData | solI: 0.00
1359368708,INFO,powerData | battV: 4.08
1359368728,INFO,powerData | battI: -0.06
1359368751,INFO,powerData | busV: 4.07
1359368771,INFO,powerData | busI: 0.06
1359368792,INFO,powerData | BQ status reg: 0
1359368814,INFO,powerData | Fault reg: 16
1359368839,INFO,powerData | Charge status: 0
1359368861,INFO,powerData | DPM status: 0
1359381409,INFO,Starting analysis m: 377 t: 1 e: 31
1359381696,WARN,Disabling IridiumMessageSender transmissions
1359382994,INFO,Completed analysis m: 377 t: 1 e: 31
1359383019,INFO,Enabling IridiumMessageSender transmissions
1359432552,INFO,Starting analysis m: 377 t: 1 e: 32
1359432835,WARN,Disabling IridiumMessageSender transmissions
1359434203,INFO,Completed analysis m: 377 t: 1 e: 32
1359434227,INFO,Processing stats m: 377 t: 1 e: 33
1359440365,INFO,Finished collection for m: 377 in 1748
1359440392,INFO,Submitting 48 byte / 378 bit message: 
1359440449,DEBUG,m 243 sub to Q at i 0 count: 243
1359440476,DEBUG,1 msgs in Q
1359440525,INFO,Enabling IridiumMessageSender transmissions
1359440560,DEBUG,Sending Q index: 0 id: 243
1359465486,INFO,Send complete: Q index: 0 count_id 243
1359492048,INFO,Starting collection m: 378 t: 0 at 1649007391.20
1359511158,INFO,Submitting 19 byte / 150 bit SMC message: 
1359511207,DEBUG,m 244 sub to Q at i 0 count: 244
1359511232,DEBUG,1 msgs in Q
1359511386,DEBUG,Sending Q index: 0 id: 244
1359593984,INFO,Starting analysis m: 378 t: 0 e: 0
1359594272,WARN,Disabling IridiumMessageSender transmissions
1359595319,INFO,Completed analysis m: 378 t: 0 e: 0
1359595345,INFO,Enabling IridiumMessageSender transmissions
1359641702,INFO,Send complete: Q index: 0 count_id 244
1359645132,INFO,Starting analysis m: 378 t: 0 e: 1
1359645415,WARN,Disabling IridiumMessageSender transmissions
1359646679,INFO,Completed analysis m: 378 t: 0 e: 1
1359646705,INFO,Enabling IridiumMessageSender transmissions
1359668688,INFO,powerData | solV: 5.66
1359668713,INFO,powerData | solI: 0.01
1359668733,INFO,powerData | battV: 4.08
1359668756,INFO,powerData | battI: -0.05
1359668776,INFO,powerData | busV: 4.04
1359668797,INFO,powerData | busI: 0.05
1359668819,INFO,powerData | BQ status reg: 172
1359668840,INFO,powerData | Fault reg: 0
1359668862,INFO,powerData | Charge status: 2
1359668887,INFO,powerData | DPM status: 1
1359696281,INFO,Starting analysis m: 378 t: 0 e: 2
1359696570,WARN,Disabling IridiumMessageSender transmissions
1359697872,INFO,Completed analysis m: 378 t: 0 e: 2
1359697897,INFO,Enabling IridiumMessageSender transmissions
1359747432,INFO,Starting analysis m: 378 t: 0 e: 3
1359747713,WARN,Disabling IridiumMessageSender transmissions
1359749015,INFO,Completed analysis m: 378 t: 0 e: 3
1359749042,INFO,Enabling IridiumMessageSender transmissions
1359798566,INFO,Starting analysis m: 378 t: 0 e: 4
1359798843,WARN,Disabling IridiumMessageSender transmissions
1359800092,INFO,Completed analysis m: 378 t: 0 e: 4
1359800119,INFO,Enabling IridiumMessageSender transmissions
1359849719,INFO,Starting analysis m: 378 t: 0 e: 5
1359850000,WARN,Disabling IridiumMessageSender transmissions
1359851241,INFO,Completed analysis m: 378 t: 0 e: 5
1359851270,INFO,Enabling IridiumMessageSender transmissions
1359900864,INFO,Starting analysis m: 378 t: 0 e: 6
1359901145,WARN,Disabling IridiumMessageSender transmissions
1359902461,INFO,Completed analysis m: 378 t: 0 e: 6
1359902486,INFO,Enabling IridiumMessageSender transmissions
1359952017,INFO,Starting analysis m: 378 t: 0 e: 7
1359952304,WARN,Disabling IridiumMessageSender transmissions
1359953553,INFO,Completed analysis m: 378 t: 0 e: 7
1359953577,INFO,Enabling IridiumMessageSender transmissions
1359968692,INFO,powerData | solV: 5.65
1359968718,INFO,powerData | solI: 0.02
1359968743,INFO,powerData | battV: 4.07
1359968768,INFO,powerData | battI: -0.06
1359968790,INFO,powerData | busV: 4.04
1359968811,INFO,powerData | busI: 0.06
1359968833,INFO,powerData | BQ status reg: 172
1359968854,INFO,powerData | Fault reg: 0
1359968874,INFO,powerData | Charge status: 2
1359968897,INFO,powerData | DPM status: 1
1360003155,INFO,Starting analysis m: 378 t: 0 e: 8
1360003436,WARN,Disabling IridiumMessageSender transmissions
1360004802,INFO,Completed analysis m: 378 t: 0 e: 8
1360004827,INFO,Enabling IridiumMessageSender transmissions
1360054315,INFO,Starting analysis m: 378 t: 0 e: 9
1360054605,WARN,Disabling IridiumMessageSender transmissions
1360056145,INFO,Completed analysis m: 378 t: 0 e: 9
1360056170,INFO,Enabling IridiumMessageSender transmissions
1360105463,INFO,Starting analysis m: 378 t: 0 e: 10
1360105746,WARN,Disabling IridiumMessageSender transmissions
1360107044,INFO,Completed analysis m: 378 t: 0 e: 10
1360107069,INFO,Enabling IridiumMessageSender transmissions
1360156604,INFO,Starting analysis m: 378 t: 0 e: 11
1360156897,WARN,Disabling IridiumMessageSender transmissions
1360158189,INFO,Completed analysis m: 378 t: 0 e: 11
1360158214,INFO,Enabling IridiumMessageSender transmissions
1360207742,INFO,Starting analysis m: 378 t: 0 e: 12
1360208025,WARN,Disabling IridiumMessageSender transmissions
1360209274,INFO,Completed analysis m: 378 t: 0 e: 12
1360209301,INFO,Enabling IridiumMessageSender transmissions
1360258891,INFO,Starting analysis m: 378 t: 0 e: 13
1360259178,WARN,Disabling IridiumMessageSender transmissions
1360260489,INFO,Completed analysis m: 378 t: 0 e: 13
1360260513,INFO,Enabling IridiumMessageSender transmissions
1360268693,INFO,powerData | solV: 5.66
1360268716,INFO,powerData | solI: 0.03
1360268736,INFO,powerData | battV: 4.08
1360268756,INFO,powerData | battI: -0.03
1360268777,INFO,powerData | busV: 4.05
1360268802,INFO,powerData | busI: 0.05
1360268826,INFO,powerData | BQ status reg: 172
1360268847,INFO,powerData | Fault reg: 0
1360268867,INFO,powerData | Charge status: 2
1360268892,INFO,powerData | DPM status: 1
1360310040,INFO,Starting analysis m: 378 t: 0 e: 14
1360310323,WARN,Disabling IridiumMessageSender transmissions
1360311572,INFO,Completed analysis m: 378 t: 0 e: 14
1360311599,INFO,Enabling IridiumMessageSender transmissions
1360361193,INFO,Starting analysis m: 378 t: 0 e: 15
1360361474,WARN,Disabling IridiumMessageSender transmissions
1360362780,INFO,Completed analysis m: 378 t: 0 e: 15
1360362803,INFO,Enabling IridiumMessageSender transmissions
1360412336,INFO,Starting analysis m: 378 t: 0 e: 16
1360412622,WARN,Disabling IridiumMessageSender transmissions
1360413927,INFO,Completed analysis m: 378 t: 0 e: 16
1360413952,INFO,Enabling IridiumMessageSender transmissions
1360463493,INFO,Starting analysis m: 378 t: 0 e: 17
1360463773,WARN,Disabling IridiumMessageSender transmissions
1360465117,INFO,Completed analysis m: 378 t: 0 e: 17
1360465141,INFO,Enabling IridiumMessageSender transmissions
1360514631,INFO,Starting analysis m: 378 t: 0 e: 18
1360514961,WARN,Disabling IridiumMessageSender transmissions
1360516298,INFO,Completed analysis m: 378 t: 0 e: 18
1360516323,INFO,Enabling IridiumMessageSender transmissions
1360565776,INFO,Starting analysis m: 378 t: 0 e: 19
1360566059,WARN,Disabling IridiumMessageSender transmissions
1360567310,INFO,Completed analysis m: 378 t: 0 e: 19
1360567334,INFO,Enabling IridiumMessageSender transmissions
1360568696,INFO,powerData | solV: 5.66
1360568719,INFO,powerData | solI: 0.04
1360568739,INFO,powerData | battV: 4.08
1360568766,INFO,powerData | battI: -0.02
1360568786,INFO,powerData | busV: 4.08
1360568807,INFO,powerData | busI: 0.05
1360568827,INFO,powerData | BQ status reg: 172
1360568848,INFO,powerData | Fault reg: 0
1360568870,INFO,powerData | Charge status: 2
1360568893,INFO,powerData | DPM status: 1
1360616929,INFO,Starting analysis m: 378 t: 0 e: 20
1360617211,WARN,Disabling IridiumMessageSender transmissions
1360618516,INFO,Completed analysis m: 378 t: 0 e: 20
1360618541,INFO,Enabling IridiumMessageSender transmissions
1360655067,INFO,Max CNO changed from 46 to 49
1360668080,INFO,Starting analysis m: 378 t: 0 e: 21
1360668366,WARN,Disabling IridiumMessageSender transmissions
1360669663,INFO,Completed analysis m: 378 t: 0 e: 21
1360669687,INFO,Enabling IridiumMessageSender transmissions
1360695013,INFO,Max CNO changed from 49 to 46
1360719220,INFO,Starting analysis m: 378 t: 0 e: 22
1360719501,WARN,Disabling IridiumMessageSender transmissions
1360720760,INFO,Completed analysis m: 378 t: 0 e: 22
1360720787,INFO,Enabling IridiumMessageSender transmissions
1360770373,INFO,Starting analysis m: 378 t: 0 e: 23
1360770662,WARN,Disabling IridiumMessageSender transmissions
1360771962,INFO,Completed analysis m: 378 t: 0 e: 23
1360771987,INFO,Enabling IridiumMessageSender transmissions
1360821518,INFO,Starting analysis m: 378 t: 0 e: 24
1360821800,WARN,Disabling IridiumMessageSender transmissions
1360823103,INFO,Completed analysis m: 378 t: 0 e: 24
1360823128,INFO,Enabling IridiumMessageSender transmissions
1360868706,INFO,powerData | solV: 5.66
1360868728,INFO,powerData | solI: 0.06
1360868749,INFO,powerData | battV: 4.08
1360868769,INFO,powerData | battI: 0.01
1360868790,INFO,powerData | busV: 4.08
1360868812,INFO,powerData | busI: 0.05
1360868833,INFO,powerData | BQ status reg: 172
1360868853,INFO,powerData | Fault reg: 0
1360868874,INFO,powerData | Charge status: 2
1360868894,INFO,powerData | DPM status: 1
1360872665,INFO,Starting analysis m: 378 t: 0 e: 25
1360872949,WARN,Disabling IridiumMessageSender transmissions
1360874248,INFO,Completed analysis m: 378 t: 0 e: 25
1360874272,INFO,Enabling IridiumMessageSender transmissions
1360923807,INFO,Starting analysis m: 378 t: 0 e: 26
1360924096,WARN,Disabling IridiumMessageSender transmissions
1360925343,INFO,Completed analysis m: 378 t: 0 e: 26
1360925368,INFO,Enabling IridiumMessageSender transmissions
1360974952,INFO,Starting analysis m: 378 t: 0 e: 27
1360975235,WARN,Disabling IridiumMessageSender transmissions
1360976592,INFO,Completed analysis m: 378 t: 0 e: 27
1360976617,INFO,Enabling IridiumMessageSender transmissions
1361026115,INFO,Starting analysis m: 378 t: 0 e: 28
1361026408,WARN,Disabling IridiumMessageSender transmissions
1361027710,INFO,Completed analysis m: 378 t: 0 e: 28
1361027735,INFO,Enabling IridiumMessageSender transmissions
1361077245,INFO,Starting analysis m: 378 t: 0 e: 29
1361077526,WARN,Disabling IridiumMessageSender transmissions
1361078784,INFO,Completed analysis m: 378 t: 0 e: 29
1361078812,INFO,Enabling IridiumMessageSender transmissions
1361128404,INFO,Starting analysis m: 378 t: 0 e: 30
1361128687,WARN,Disabling IridiumMessageSender transmissions
1361130072,INFO,Completed analysis m: 378 t: 0 e: 30
1361130096,INFO,Enabling IridiumMessageSender transmissions
1361168740,INFO,powerData | solV: 5.66
1361168762,INFO,powerData | solI: 0.08
1361168783,INFO,powerData | battV: 4.09
1361168803,INFO,powerData | battI: 0.03
1361168824,INFO,powerData | busV: 4.09
1361168846,INFO,powerData | busI: 0.06
1361168871,INFO,powerData | BQ status reg: 172
1361168891,INFO,powerData | Fault reg: 0
1361168912,INFO,powerData | Charge status: 2
1361168932,INFO,powerData | DPM status: 1
1361179541,INFO,Starting analysis m: 378 t: 0 e: 31
1361179828,WARN,Disabling IridiumMessageSender transmissions
1361181073,INFO,Completed analysis m: 378 t: 0 e: 31
1361181102,INFO,Enabling IridiumMessageSender transmissions
1361230686,INFO,Starting analysis m: 378 t: 0 e: 32
1361230968,WARN,Disabling IridiumMessageSender transmissions
1361232230,INFO,Completed analysis m: 378 t: 0 e: 32
1361232254,INFO,Processing stats m: 378 t: 0 e: 33
1361238249,INFO,Enabling IridiumMessageSender transmissions
1361290176,INFO,Starting collection m: 378 t: 1 at 1649009191.20
1361392121,INFO,Starting analysis m: 378 t: 1 e: 0
1361392402,WARN,Disabling IridiumMessageSender transmissions
1361393457,INFO,Completed analysis m: 378 t: 1 e: 0
1361393481,INFO,Enabling IridiumMessageSender transmissions
1361443270,INFO,Starting analysis m: 378 t: 1 e: 1
1361443555,WARN,Disabling IridiumMessageSender transmissions
1361444796,INFO,Completed analysis m: 378 t: 1 e: 1
1361444820,INFO,Enabling IridiumMessageSender transmissions
1361468743,INFO,powerData | solV: 5.66
1361468770,INFO,powerData | solI: 0.20
1361468792,INFO,powerData | battV: 4.10
1361468813,INFO,powerData | battI: 0.19
1361468833,INFO,powerData | busV: 4.11
1361468854,INFO,powerData | busI: 0.05
1361468876,INFO,powerData | BQ status reg: 172
1361468897,INFO,powerData | Fault reg: 0
1361468921,INFO,powerData | Charge status: 2
1361468942,INFO,powerData | DPM status: 1
1361494417,INFO,Starting analysis m: 378 t: 1 e: 2
1361494700,WARN,Disabling IridiumMessageSender transmissions
1361495961,INFO,Completed analysis m: 378 t: 1 e: 2
1361495986,INFO,Enabling IridiumMessageSender transmissions
1361545578,INFO,Starting analysis m: 378 t: 1 e: 3
1361545861,WARN,Disabling IridiumMessageSender transmissions
1361547202,INFO,Completed analysis m: 378 t: 1 e: 3
1361547231,INFO,Enabling IridiumMessageSender transmissions
1361596719,INFO,Starting analysis m: 378 t: 1 e: 4
1361597003,WARN,Disabling IridiumMessageSender transmissions
1361598312,INFO,Completed analysis m: 378 t: 1 e: 4
1361598334,INFO,Enabling IridiumMessageSender transmissions
1361647859,INFO,Starting analysis m: 378 t: 1 e: 5
1361648146,WARN,Disabling IridiumMessageSender transmissions
1361649403,INFO,Completed analysis m: 378 t: 1 e: 5
1361649428,INFO,Enabling IridiumMessageSender transmissions
1361699016,INFO,Starting analysis m: 378 t: 1 e: 6
1361699299,WARN,Disabling IridiumMessageSender transmissions
1361700597,INFO,Completed analysis m: 378 t: 1 e: 6
1361700622,INFO,Enabling IridiumMessageSender transmissions
1361750153,INFO,Starting analysis m: 378 t: 1 e: 7
1361750439,WARN,Disabling IridiumMessageSender transmissions
1361751683,INFO,Completed analysis m: 378 t: 1 e: 7
1361751709,INFO,Enabling IridiumMessageSender transmissions
1361768751,INFO,powerData | solV: 5.66
1361768773,INFO,powerData | solI: 0.13
1361768798,INFO,powerData | battV: 4.10
1361768818,INFO,powerData | battI: 0.09
1361768839,INFO,powerData | busV: 4.10
1361768863,INFO,powerData | busI: 0.06
1361768886,INFO,powerData | BQ status reg: 172
1361768906,INFO,powerData | Fault reg: 0
1361768927,INFO,powerData | Charge status: 2
1361768949,INFO,powerData | DPM status: 1
1361801308,INFO,Starting analysis m: 378 t: 1 e: 8
1361801588,WARN,Disabling IridiumMessageSender transmissions
1361802844,INFO,Completed analysis m: 378 t: 1 e: 8
1361802870,INFO,Enabling IridiumMessageSender transmissions
1361852456,INFO,Starting analysis m: 378 t: 1 e: 9
1361852743,WARN,Disabling IridiumMessageSender transmissions
1361855008,INFO,Completed analysis m: 378 t: 1 e: 9
1361855033,INFO,Enabling IridiumMessageSender transmissions
1361903603,INFO,Starting analysis m: 378 t: 1 e: 10
1361903884,WARN,Disabling IridiumMessageSender transmissions
1361905186,INFO,Completed analysis m: 378 t: 1 e: 10
1361905211,INFO,Enabling IridiumMessageSender transmissions
1361954744,INFO,Starting analysis m: 378 t: 1 e: 11
1361955031,WARN,Disabling IridiumMessageSender transmissions
1361956278,INFO,Completed analysis m: 378 t: 1 e: 11
1361956302,INFO,Enabling IridiumMessageSender transmissions
1362005899,INFO,Starting analysis m: 378 t: 1 e: 12
1362006181,WARN,Disabling IridiumMessageSender transmissions
1362007525,INFO,Completed analysis m: 378 t: 1 e: 12
1362007547,INFO,Enabling IridiumMessageSender transmissions
1362057037,INFO,Starting analysis m: 378 t: 1 e: 13
1362057367,WARN,Disabling IridiumMessageSender transmissions
1362058668,INFO,Completed analysis m: 378 t: 1 e: 13
1362058692,INFO,Enabling IridiumMessageSender transmissions
1362068754,INFO,powerData | solV: 5.66
1362068776,INFO,powerData | solI: 0.16
1362068797,INFO,powerData | battV: 4.10
1362068817,INFO,powerData | battI: 0.13
1362068838,INFO,powerData | busV: 4.10
1362068858,INFO,powerData | busI: 0.05
1362068881,INFO,powerData | BQ status reg: 172
1362068901,INFO,powerData | Fault reg: 0
1362068926,INFO,powerData | Charge status: 2
1362068951,INFO,powerData | DPM status: 1
1362108192,INFO,Starting analysis m: 378 t: 1 e: 14
1362108475,WARN,Disabling IridiumMessageSender transmissions
1362109784,INFO,Completed analysis m: 378 t: 1 e: 14
1362109808,INFO,Enabling IridiumMessageSender transmissions
1362159331,INFO,Starting analysis m: 378 t: 1 e: 15
1362159613,WARN,Disabling IridiumMessageSender transmissions
1362160863,INFO,Completed analysis m: 378 t: 1 e: 15
1362160893,INFO,Enabling IridiumMessageSender transmissions
1362210494,INFO,Starting analysis m: 378 t: 1 e: 16
1362210779,WARN,Disabling IridiumMessageSender transmissions
1362212073,INFO,Completed analysis m: 378 t: 1 e: 16
1362212098,INFO,Enabling IridiumMessageSender transmissions
1362261637,INFO,Starting analysis m: 378 t: 1 e: 17
1362261921,WARN,Disabling IridiumMessageSender transmissions
1362263234,INFO,Completed analysis m: 378 t: 1 e: 17
1362263259,INFO,Enabling IridiumMessageSender transmissions
1362312787,INFO,Starting analysis m: 378 t: 1 e: 18
1362313070,WARN,Disabling IridiumMessageSender transmissions
1362314268,INFO,Completed analysis m: 378 t: 1 e: 18
1362314297,INFO,Enabling IridiumMessageSender transmissions
1362363932,INFO,Starting analysis m: 378 t: 1 e: 19
1362364215,WARN,Disabling IridiumMessageSender transmissions
1362365521,INFO,Completed analysis m: 378 t: 1 e: 19
1362365546,INFO,Enabling IridiumMessageSender transmissions
1362368759,INFO,powerData | solV: 5.66
1362368786,INFO,powerData | solI: 0.17
1362368806,INFO,powerData | battV: 4.10
1362368827,INFO,powerData | battI: 0.14
1362368847,INFO,powerData | busV: 4.10
1362368868,INFO,powerData | busI: 0.06
1362368888,INFO,powerData | BQ status reg: 172
1362368909,INFO,powerData | Fault reg: 0
1362368929,INFO,powerData | Charge status: 2
1362368952,INFO,powerData | DPM status: 1
1362415079,INFO,Starting analysis m: 378 t: 1 e: 20
1362415368,WARN,Disabling IridiumMessageSender transmissions
1362416664,INFO,Completed analysis m: 378 t: 1 e: 20
1362416691,INFO,Enabling IridiumMessageSender transmissions
1362466222,INFO,Starting analysis m: 378 t: 1 e: 21
1362466502,WARN,Disabling IridiumMessageSender transmissions
1362467862,INFO,Completed analysis m: 378 t: 1 e: 21
1362467887,INFO,Enabling IridiumMessageSender transmissions
1362517362,INFO,Starting analysis m: 378 t: 1 e: 22
1362517649,WARN,Disabling IridiumMessageSender transmissions
1362519001,INFO,Completed analysis m: 378 t: 1 e: 22
1362519023,INFO,Enabling IridiumMessageSender transmissions
1362568521,INFO,Starting analysis m: 378 t: 1 e: 23
1362568806,WARN,Disabling IridiumMessageSender transmissions
1362570106,INFO,Completed analysis m: 378 t: 1 e: 23
1362570131,INFO,Enabling IridiumMessageSender transmissions
1362619658,INFO,Starting analysis m: 378 t: 1 e: 24
1362619944,WARN,Disabling IridiumMessageSender transmissions
1362621251,INFO,Completed analysis m: 378 t: 1 e: 24
1362621278,INFO,Enabling IridiumMessageSender transmissions
1362668795,INFO,powerData | solV: 5.69
1362668818,INFO,powerData | solI: 0.40
1362668840,INFO,powerData | battV: 4.14
1362668861,INFO,powerData | battI: 0.45
1362668883,INFO,powerData | busV: 4.16
1362668906,INFO,powerData | busI: 0.05
1362668926,INFO,powerData | BQ status reg: 172
1362668949,INFO,powerData | Fault reg: 0
1362668969,INFO,powerData | Charge status: 2
1362668992,INFO,powerData | DPM status: 1
1362670819,INFO,Starting analysis m: 378 t: 1 e: 25
1362671099,WARN,Disabling IridiumMessageSender transmissions
1362672406,INFO,Completed analysis m: 378 t: 1 e: 25
1362672431,INFO,Enabling IridiumMessageSender transmissions
1362721951,INFO,Starting analysis m: 378 t: 1 e: 26
1362722240,WARN,Disabling IridiumMessageSender transmissions
1362723551,INFO,Completed analysis m: 378 t: 1 e: 26
1362723575,INFO,Enabling IridiumMessageSender transmissions
1362773106,INFO,Starting analysis m: 378 t: 1 e: 27
1362773387,WARN,Disabling IridiumMessageSender transmissions
1362774695,INFO,Completed analysis m: 378 t: 1 e: 27
1362774724,INFO,Enabling IridiumMessageSender transmissions
1362824251,INFO,Starting analysis m: 378 t: 1 e: 28
1362824540,WARN,Disabling IridiumMessageSender transmissions
1362825791,INFO,Completed analysis m: 378 t: 1 e: 28
1362825816,INFO,Enabling IridiumMessageSender transmissions
1362875406,INFO,Starting analysis m: 378 t: 1 e: 29
1362875688,WARN,Disabling IridiumMessageSender transmissions
1362876999,INFO,Completed analysis m: 378 t: 1 e: 29
1362877024,INFO,Enabling IridiumMessageSender transmissions
1362926546,INFO,Starting analysis m: 378 t: 1 e: 30
1362926929,WARN,Disabling IridiumMessageSender transmissions
1362928220,INFO,Completed analysis m: 378 t: 1 e: 30
1362928244,INFO,Enabling IridiumMessageSender transmissions
1362968803,INFO,powerData | solV: 5.66
1362968829,INFO,powerData | solI: 0.16
1362968854,INFO,powerData | battV: 4.10
1362968875,INFO,powerData | battI: 0.13
1362968897,INFO,powerData | busV: 4.10
1362968918,INFO,powerData | busI: 0.06
1362968944,INFO,powerData | BQ status reg: 172
1362968965,INFO,powerData | Fault reg: 0
1362968987,INFO,powerData | Charge status: 2
1362969008,INFO,powerData | DPM status: 1
1362977701,INFO,Starting analysis m: 378 t: 1 e: 31
1362977984,WARN,Disabling IridiumMessageSender transmissions
1362979344,INFO,Completed analysis m: 378 t: 1 e: 31
1362979368,INFO,Enabling IridiumMessageSender transmissions
1363028854,INFO,Starting analysis m: 378 t: 1 e: 32
1363029141,WARN,Disabling IridiumMessageSender transmissions
1363030446,INFO,Completed analysis m: 378 t: 1 e: 32
1363030470,INFO,Processing stats m: 378 t: 1 e: 33
1363036596,INFO,Finished collection for m: 378 in 1748
1363036620,INFO,Submitting 48 byte / 378 bit message: 
1363036676,DEBUG,m 245 sub to Q at i 0 count: 245
1363036700,DEBUG,1 msgs in Q
1363036749,INFO,Enabling IridiumMessageSender transmissions
1363036788,DEBUG,Sending Q index: 0 id: 245
1363047903,INFO,Send complete: Q index: 0 count_id 245
1363088330,INFO,Starting collection m: 379 t: 0 at 1649010991.20
1363107155,INFO,Submitting 19 byte / 150 bit SMC message: 
1363107198,DEBUG,m 246 sub to Q at i 0 count: 246
1363107223,DEBUG,1 msgs in Q
1363107446,DEBUG,Sending Q index: 0 id: 246
1363114614,INFO,Send complete: Q index: 0 count_id 246
1363190280,INFO,Starting analysis m: 379 t: 0 e: 0
1363190568,WARN,Disabling IridiumMessageSender transmissions
1363191640,INFO,Completed analysis m: 379 t: 0 e: 0
1363191664,INFO,Enabling IridiumMessageSender transmissions
1363241441,INFO,Starting analysis m: 379 t: 0 e: 1
1363241728,WARN,Disabling IridiumMessageSender transmissions
1363243024,INFO,Completed analysis m: 379 t: 0 e: 1
1363243048,INFO,Enabling IridiumMessageSender transmissions
1363268812,INFO,powerData | solV: 5.66
1363268837,INFO,powerData | solI: 0.15
1363268857,INFO,powerData | battV: 4.10
1363268880,INFO,powerData | battI: 0.11
1363268902,INFO,powerData | busV: 4.10
1363268929,INFO,powerData | busI: 0.06
1363268952,INFO,powerData | BQ status reg: 172
1363268974,INFO,powerData | Fault reg: 0
1363268999,INFO,powerData | Charge status: 2
1363269021,INFO,powerData | DPM status: 1
1363292575,INFO,Starting analysis m: 379 t: 0 e: 2
1363292864,WARN,Disabling IridiumMessageSender transmissions
1363294173,INFO,Completed analysis m: 379 t: 0 e: 2
1363294197,INFO,Enabling IridiumMessageSender transmissions
1363343736,INFO,Starting analysis m: 379 t: 0 e: 3
1363344019,WARN,Disabling IridiumMessageSender transmissions
1363345317,INFO,Completed analysis m: 379 t: 0 e: 3
1363345348,INFO,Enabling IridiumMessageSender transmissions
1363394873,INFO,Starting analysis m: 379 t: 0 e: 4
1363395160,WARN,Disabling IridiumMessageSender transmissions
1363396417,INFO,Completed analysis m: 379 t: 0 e: 4
1363396442,INFO,Enabling IridiumMessageSender transmissions
1363446032,INFO,Starting analysis m: 379 t: 0 e: 5
1363446312,WARN,Disabling IridiumMessageSender transmissions
1363447621,INFO,Completed analysis m: 379 t: 0 e: 5
1363447646,INFO,Enabling IridiumMessageSender transmissions
1363497170,INFO,Starting analysis m: 379 t: 0 e: 6
1363497451,WARN,Disabling IridiumMessageSender transmissions
1363498704,INFO,Completed analysis m: 379 t: 0 e: 6
1363498731,INFO,Enabling IridiumMessageSender transmissions
1363548332,INFO,Starting analysis m: 379 t: 0 e: 7
1363548612,WARN,Disabling IridiumMessageSender transmissions
1363549958,INFO,Completed analysis m: 379 t: 0 e: 7
1363549982,INFO,Enabling IridiumMessageSender transmissions
1363568822,INFO,powerData | solV: 5.67
1363568844,INFO,powerData | solI: 0.20
1363568871,INFO,powerData | battV: 4.11
1363568891,INFO,powerData | battI: 0.18
1363568914,INFO,powerData | busV: 4.12
1363568934,INFO,powerData | busI: 0.06
1363568957,INFO,powerData | BQ status reg: 172
1363568977,INFO,powerData | Fault reg: 0
1363569000,INFO,powerData | Charge status: 2
1363569025,INFO,powerData | DPM status: 1
1363599482,INFO,Starting analysis m: 379 t: 0 e: 8
1363599767,WARN,Disabling IridiumMessageSender transmissions
1363601080,INFO,Completed analysis m: 379 t: 0 e: 8
1363601108,INFO,Enabling IridiumMessageSender transmissions
1363650621,INFO,Starting analysis m: 379 t: 0 e: 9
1363650908,WARN,Disabling IridiumMessageSender transmissions
1363652454,INFO,Completed analysis m: 379 t: 0 e: 9
1363652478,INFO,Enabling IridiumMessageSender transmissions
1363701760,INFO,Starting analysis m: 379 t: 0 e: 10
1363702044,WARN,Disabling IridiumMessageSender transmissions
1363703353,INFO,Completed analysis m: 379 t: 0 e: 10
1363703377,INFO,Enabling IridiumMessageSender transmissions
1363752914,INFO,Starting analysis m: 379 t: 0 e: 11
1363753201,WARN,Disabling IridiumMessageSender transmissions
1363754500,INFO,Completed analysis m: 379 t: 0 e: 11
1363754526,INFO,Enabling IridiumMessageSender transmissions
1363804065,INFO,Starting analysis m: 379 t: 0 e: 12
1363804346,WARN,Disabling IridiumMessageSender transmissions
1363805644,INFO,Completed analysis m: 379 t: 0 e: 12
1363805671,INFO,Enabling IridiumMessageSender transmissions
1363855212,INFO,Starting analysis m: 379 t: 0 e: 13
1363855503,WARN,Disabling IridiumMessageSender transmissions
1363856797,INFO,Completed analysis m: 379 t: 0 e: 13
1363856824,INFO,Enabling IridiumMessageSender transmissions
1363868829,INFO,powerData | solV: 5.66
1363868852,INFO,powerData | solI: 0.21
1363868872,INFO,powerData | battV: 4.11
1363868895,INFO,powerData | battI: 0.21
1363868915,INFO,powerData | busV: 4.13
1363868938,INFO,powerData | busI: 0.05
1363868958,INFO,powerData | BQ status reg: 172
1363868979,INFO,powerData | Fault reg: 0
1363869005,INFO,powerData | Charge status: 2
1363869028,INFO,powerData | DPM status: 1
1363906351,INFO,Starting analysis m: 379 t: 0 e: 14
1363906631,WARN,Disabling IridiumMessageSender transmissions
1363907887,INFO,Completed analysis m: 379 t: 0 e: 14
1363907913,INFO,Enabling IridiumMessageSender transmissions
1363957508,INFO,Starting analysis m: 379 t: 0 e: 15
1363957788,WARN,Disabling IridiumMessageSender transmissions
1363959099,INFO,Completed analysis m: 379 t: 0 e: 15
1363959128,INFO,Enabling IridiumMessageSender transmissions
1364008648,INFO,Starting analysis m: 379 t: 0 e: 16
1364008935,WARN,Disabling IridiumMessageSender transmissions
1364010268,INFO,Completed analysis m: 379 t: 0 e: 16
1364010293,INFO,Enabling IridiumMessageSender transmissions
1364059805,INFO,Starting analysis m: 379 t: 0 e: 17
1364060125,WARN,Disabling IridiumMessageSender transmissions
1364061435,INFO,Completed analysis m: 379 t: 0 e: 17
1364061462,INFO,Enabling IridiumMessageSender transmissions
1364110944,INFO,Starting analysis m: 379 t: 0 e: 18
1364111233,WARN,Disabling IridiumMessageSender transmissions
1364112429,INFO,Completed analysis m: 379 t: 0 e: 18
1364112457,INFO,Enabling IridiumMessageSender transmissions
1364151474,INFO,Max CNO changed from 46 to 49
1364162091,INFO,Starting analysis m: 379 t: 0 e: 19
1364162373,WARN,Disabling IridiumMessageSender transmissions
1364163633,INFO,Completed analysis m: 379 t: 0 e: 19
1364163657,INFO,Enabling IridiumMessageSender transmissions
1364168869,INFO,powerData | solV: 5.87
1364168892,INFO,powerData | solI: 0.50
1364168914,INFO,powerData | battV: 4.16
1364168935,INFO,powerData | battI: 0.59
1364168957,INFO,powerData | busV: 4.18
1364168978,INFO,powerData | busI: 0.06
1364169000,INFO,powerData | BQ status reg: 164
1364169021,INFO,powerData | Fault reg: 0
1364169043,INFO,powerData | Charge status: 2
1364169064,INFO,powerData | DPM status: 0
1364171446,INFO,Max CNO changed from 49 to 46
1364213239,INFO,Starting analysis m: 379 t: 0 e: 20
1364213526,WARN,Disabling IridiumMessageSender transmissions
1364214835,INFO,Completed analysis m: 379 t: 0 e: 20
1364214859,INFO,Enabling IridiumMessageSender transmissions
1364264394,INFO,Starting analysis m: 379 t: 0 e: 21
1364264683,WARN,Disabling IridiumMessageSender transmissions
1364265979,INFO,Completed analysis m: 379 t: 0 e: 21
1364266004,INFO,Enabling IridiumMessageSender transmissions
1364315543,INFO,Starting analysis m: 379 t: 0 e: 22
1364315824,WARN,Disabling IridiumMessageSender transmissions
1364317130,INFO,Completed analysis m: 379 t: 0 e: 22
1364317155,INFO,Enabling IridiumMessageSender transmissions
1364366686,INFO,Starting analysis m: 379 t: 0 e: 23
1364366972,WARN,Disabling IridiumMessageSender transmissions
1364368226,INFO,Completed analysis m: 379 t: 0 e: 23
1364368250,INFO,Enabling IridiumMessageSender transmissions
1364417841,INFO,Starting analysis m: 379 t: 0 e: 24
1364418121,WARN,Disabling IridiumMessageSender transmissions
1364419424,INFO,Completed analysis m: 379 t: 0 e: 24
1364419454,INFO,Enabling IridiumMessageSender transmissions
1364468871,INFO,powerData | solV: 5.67
1364468897,INFO,powerData | solI: 0.16
1364468922,INFO,powerData | battV: 4.11
1364468942,INFO,powerData | battI: 0.13
1364468965,INFO,powerData | busV: 4.11
1364468985,INFO,powerData | busI: 0.05
1364469006,INFO,powerData | BQ status reg: 172
1364469028,INFO,powerData | Fault reg: 0
1364469049,INFO,powerData | Charge status: 2
1364469071,INFO,powerData | DPM status: 1
1364469168,INFO,Starting analysis m: 379 t: 0 e: 25
1364469526,WARN,Disabling IridiumMessageSender transmissions
1364470810,INFO,Completed analysis m: 379 t: 0 e: 25
1364470835,INFO,Enabling IridiumMessageSender transmissions
1364520128,INFO,Starting analysis m: 379 t: 0 e: 26
1364520409,WARN,Disabling IridiumMessageSender transmissions
1364521766,INFO,Completed analysis m: 379 t: 0 e: 26
1364521791,INFO,Enabling IridiumMessageSender transmissions
1364571289,INFO,Starting analysis m: 379 t: 0 e: 27
1364571580,WARN,Disabling IridiumMessageSender transmissions
1364572882,INFO,Completed analysis m: 379 t: 0 e: 27
1364572907,INFO,Enabling IridiumMessageSender transmissions
1364622432,INFO,Starting analysis m: 379 t: 0 e: 28
1364622718,WARN,Disabling IridiumMessageSender transmissions
1364623970,INFO,Completed analysis m: 379 t: 0 e: 28
1364623994,INFO,Enabling IridiumMessageSender transmissions
1364673581,INFO,Starting analysis m: 379 t: 0 e: 29
1364673863,WARN,Disabling IridiumMessageSender transmissions
1364675178,INFO,Completed analysis m: 379 t: 0 e: 29
1364675203,INFO,Enabling IridiumMessageSender transmissions
1364724727,INFO,Starting analysis m: 379 t: 0 e: 30
1364725018,WARN,Disabling IridiumMessageSender transmissions
1364726392,INFO,Completed analysis m: 379 t: 0 e: 30
1364726415,INFO,Enabling IridiumMessageSender transmissions
1364768876,INFO,powerData | solV: 5.67
1364768899,INFO,powerData | solI: 0.11
1364768919,INFO,powerData | battV: 4.10
1364768940,INFO,powerData | battI: 0.06
1364768964,INFO,powerData | busV: 4.10
1364768987,INFO,powerData | busI: 0.05
1364769011,INFO,powerData | BQ status reg: 172
1364769034,INFO,powerData | Fault reg: 0
1364769054,INFO,powerData | Charge status: 2
1364769077,INFO,powerData | DPM status: 1
1364775882,INFO,Starting analysis m: 379 t: 0 e: 31
1364776165,WARN,Disabling IridiumMessageSender transmissions
1364777465,INFO,Completed analysis m: 379 t: 0 e: 31
1364777490,INFO,Enabling IridiumMessageSender transmissions
1364827017,INFO,Starting analysis m: 379 t: 0 e: 32
1364827308,WARN,Disabling IridiumMessageSender transmissions
1364828557,INFO,Completed analysis m: 379 t: 0 e: 32
1364828581,INFO,Processing stats m: 379 t: 0 e: 33
1364834666,INFO,Enabling IridiumMessageSender transmissions
1364886511,INFO,Starting collection m: 379 t: 1 at 1649012791.20
1364988459,INFO,Starting analysis m: 379 t: 1 e: 0
1364988741,WARN,Disabling IridiumMessageSender transmissions
1364989796,INFO,Completed analysis m: 379 t: 1 e: 0
1364989820,INFO,Enabling IridiumMessageSender transmissions
1365039601,INFO,Starting analysis m: 379 t: 1 e: 1
1365039890,WARN,Disabling IridiumMessageSender transmissions
1365041195,INFO,Completed analysis m: 379 t: 1 e: 1
1365041219,INFO,Enabling IridiumMessageSender transmissions
1365068877,INFO,powerData | solV: 5.69
1365068900,INFO,powerData | solI: 0.36
1365068922,INFO,powerData | battV: 4.14
1365068943,INFO,powerData | battI: 0.40
1365068963,INFO,powerData | busV: 4.16
1365068984,INFO,powerData | busI: 0.05
1365069008,INFO,powerData | BQ status reg: 172
1365069031,INFO,powerData | Fault reg: 0
1365069051,INFO,powerData | Charge status: 2
1365069072,INFO,powerData | DPM status: 1
1365090760,INFO,Starting analysis m: 379 t: 1 e: 2
1365091043,WARN,Disabling IridiumMessageSender transmissions
1365092395,INFO,Completed analysis m: 379 t: 1 e: 2
1365092419,INFO,Enabling IridiumMessageSender transmissions
1365141909,INFO,Starting analysis m: 379 t: 1 e: 3
1365142200,WARN,Disabling IridiumMessageSender transmissions
1365143496,INFO,Completed analysis m: 379 t: 1 e: 3
1365143521,INFO,Enabling IridiumMessageSender transmissions
1365193046,INFO,Starting analysis m: 379 t: 1 e: 4
1365193326,WARN,Disabling IridiumMessageSender transmissions
1365194582,INFO,Completed analysis m: 379 t: 1 e: 4
1365194606,INFO,Enabling IridiumMessageSender transmissions
1365244198,INFO,Starting analysis m: 379 t: 1 e: 5
1365244481,WARN,Disabling IridiumMessageSender transmissions
1365245788,INFO,Completed analysis m: 379 t: 1 e: 5
1365245816,INFO,Enabling IridiumMessageSender transmissions
1365295362,INFO,Starting analysis m: 379 t: 1 e: 6
1365295642,WARN,Disabling IridiumMessageSender transmissions
1365296941,INFO,Completed analysis m: 379 t: 1 e: 6
1365296963,INFO,Enabling IridiumMessageSender transmissions
1365346494,INFO,Starting analysis m: 379 t: 1 e: 7
1365346775,WARN,Disabling IridiumMessageSender transmissions
1365348024,INFO,Completed analysis m: 379 t: 1 e: 7
1365348048,INFO,Enabling IridiumMessageSender transmissions
1365368885,INFO,powerData | solV: 5.69
1365368907,INFO,powerData | solI: 0.37
1365368928,INFO,powerData | battV: 4.14
1365368948,INFO,powerData | battI: 0.40
1365368969,INFO,powerData | busV: 4.16
1365368991,INFO,powerData | busI: 0.05
1365369012,INFO,powerData | BQ status reg: 172
1365369032,INFO,powerData | Fault reg: 0
1365369053,INFO,powerData | Charge status: 2
1365369073,INFO,powerData | DPM status: 1
1365397643,INFO,Starting analysis m: 379 t: 1 e: 8
1365397932,WARN,Disabling IridiumMessageSender transmissions
1365399183,INFO,Completed analysis m: 379 t: 1 e: 8
1365399207,INFO,Enabling IridiumMessageSender transmissions
1365448792,INFO,Starting analysis m: 379 t: 1 e: 9
1365449072,WARN,Disabling IridiumMessageSender transmissions
1365450627,INFO,Completed analysis m: 379 t: 1 e: 9
1365450651,INFO,Enabling IridiumMessageSender transmissions
1365499955,INFO,Starting analysis m: 379 t: 1 e: 10
1365500237,WARN,Disabling IridiumMessageSender transmissions
1365501534,INFO,Completed analysis m: 379 t: 1 e: 10
1365501562,INFO,Enabling IridiumMessageSender transmissions
1365551106,INFO,Starting analysis m: 379 t: 1 e: 11
1365551390,WARN,Disabling IridiumMessageSender transmissions
1365552740,INFO,Completed analysis m: 379 t: 1 e: 11
1365552764,INFO,Enabling IridiumMessageSender transmissions
1365602234,INFO,Starting analysis m: 379 t: 1 e: 12
1365602555,WARN,Disabling IridiumMessageSender transmissions
1365603858,INFO,Completed analysis m: 379 t: 1 e: 12
1365603883,INFO,Enabling IridiumMessageSender transmissions
1365653383,INFO,Starting analysis m: 379 t: 1 e: 13
1365653671,WARN,Disabling IridiumMessageSender transmissions
1365654917,INFO,Completed analysis m: 379 t: 1 e: 13
1365654941,INFO,Enabling IridiumMessageSender transmissions
1365668886,INFO,powerData | solV: 5.94
1365668911,INFO,powerData | solI: 0.48
1365668933,INFO,powerData | battV: 4.16
1365668954,INFO,powerData | battI: 0.57
1365668974,INFO,powerData | busV: 4.19
1365668995,INFO,powerData | busI: 0.06
1365669019,INFO,powerData | BQ status reg: 164
1365669042,INFO,powerData | Fault reg: 0
1365669062,INFO,powerData | Charge status: 2
1365669085,INFO,powerData | DPM status: 0
1365704542,INFO,Starting analysis m: 379 t: 1 e: 14
1365704824,WARN,Disabling IridiumMessageSender transmissions
1365706127,INFO,Completed analysis m: 379 t: 1 e: 14
1365706151,INFO,Enabling IridiumMessageSender transmissions
1365755697,INFO,Starting analysis m: 379 t: 1 e: 15
1365755979,WARN,Disabling IridiumMessageSender transmissions
1365757280,INFO,Completed analysis m: 379 t: 1 e: 15
1365757304,INFO,Enabling IridiumMessageSender transmissions
1365769836,INFO,Max CNO changed from 46 to 49
1365806843,INFO,Starting analysis m: 379 t: 1 e: 16
1365807124,WARN,Disabling IridiumMessageSender transmissions
1365808427,INFO,Completed analysis m: 379 t: 1 e: 16
1365808451,INFO,Enabling IridiumMessageSender transmissions
1365809797,INFO,Max CNO changed from 49 to 46
1365857990,INFO,Starting analysis m: 379 t: 1 e: 17
1365858275,WARN,Disabling IridiumMessageSender transmissions
1365859573,INFO,Completed analysis m: 379 t: 1 e: 17
1365859598,INFO,Enabling IridiumMessageSender transmissions
1365869733,INFO,Max CNO changed from 46 to 49
1365909145,INFO,Starting analysis m: 379 t: 1 e: 18
1365909426,WARN,Disabling IridiumMessageSender transmissions
1365910620,INFO,Completed analysis m: 379 t: 1 e: 18
1365910646,INFO,Enabling IridiumMessageSender transmissions
1365960288,INFO,Starting analysis m: 379 t: 1 e: 19
1365960572,WARN,Disabling IridiumMessageSender transmissions
1365961869,INFO,Completed analysis m: 379 t: 1 e: 19
1365961893,INFO,Enabling IridiumMessageSender transmissions
1365968887,INFO,powerData | solV: 5.78
1365968910,INFO,powerData | solI: 0.43
1365968930,INFO,powerData | battV: 4.15
1365968951,INFO,powerData | battI: 0.49
1365968973,INFO,powerData | busV: 4.18
1365968996,INFO,powerData | busI: 0.05
1365969020,INFO,powerData | BQ status reg: 172
1365969043,INFO,powerData | Fault reg: 0
1365969063,INFO,powerData | Charge status: 2
1365969080,INFO,powerData | DPM status: 1
1365989609,INFO,Max CNO changed from 49 to 46
1366011426,INFO,Starting analysis m: 379 t: 1 e: 20
1366011715,WARN,Disabling IridiumMessageSender transmissions
1366013042,INFO,Completed analysis m: 379 t: 1 e: 20
1366013067,INFO,Enabling IridiumMessageSender transmissions
1366062585,INFO,Starting analysis m: 379 t: 1 e: 21
1366062868,WARN,Disabling IridiumMessageSender transmissions
1366064230,INFO,Completed analysis m: 379 t: 1 e: 21
1366064259,INFO,Enabling IridiumMessageSender transmissions
1366089521,INFO,Max CNO changed from 46 to 49
1366113744,INFO,Starting analysis m: 379 t: 1 e: 22
1366114041,WARN,Disabling IridiumMessageSender transmissions
1366115332,INFO,Completed analysis m: 379 t: 1 e: 22
1366115356,INFO,Enabling IridiumMessageSender transmissions
1366164871,INFO,Starting analysis m: 379 t: 1 e: 23
1366165151,WARN,Disabling IridiumMessageSender transmissions
1366166409,INFO,Completed analysis m: 379 t: 1 e: 23
1366166439,INFO,Enabling IridiumMessageSender transmissions
1366216019,INFO,Starting analysis m: 379 t: 1 e: 24
1366216308,WARN,Disabling IridiumMessageSender transmissions
1366217555,INFO,Completed analysis m: 379 t: 1 e: 24
1366217582,INFO,Enabling IridiumMessageSender transmissions
1366267179,INFO,Starting analysis m: 379 t: 1 e: 25
1366267461,WARN,Disabling IridiumMessageSender transmissions
1366268778,INFO,Completed analysis m: 379 t: 1 e: 25
1366268803,INFO,Enabling IridiumMessageSender transmissions
1366268895,INFO,powerData | solV: 6.33
1366268917,INFO,powerData | solI: 0.47
1366268938,INFO,powerData | battV: 4.17
1366268958,INFO,powerData | battI: 0.58
1366268979,INFO,powerData | busV: 4.20
1366269001,INFO,powerData | busI: 0.06
1366269022,INFO,powerData | BQ status reg: 164
1366269044,INFO,powerData | Fault reg: 0
1366269065,INFO,powerData | Charge status: 2
1366269089,INFO,powerData | DPM status: 0
1366318327,INFO,Starting analysis m: 379 t: 1 e: 26
1366318614,WARN,Disabling IridiumMessageSender transmissions
1366319917,INFO,Completed analysis m: 379 t: 1 e: 26
1366319941,INFO,Enabling IridiumMessageSender transmissions
1366369478,INFO,Starting analysis m: 379 t: 1 e: 27
1366369761,WARN,Disabling IridiumMessageSender transmissions
1366371067,INFO,Completed analysis m: 379 t: 1 e: 27
1366371092,INFO,Enabling IridiumMessageSender transmissions
1366420629,INFO,Starting analysis m: 379 t: 1 e: 28
1366420918,WARN,Disabling IridiumMessageSender transmissions
1366422214,INFO,Completed analysis m: 379 t: 1 e: 28
1366422243,INFO,Enabling IridiumMessageSender transmissions
1366471772,INFO,Starting analysis m: 379 t: 1 e: 29
1366472052,WARN,Disabling IridiumMessageSender transmissions
1366473310,INFO,Completed analysis m: 379 t: 1 e: 29
1366473334,INFO,Enabling IridiumMessageSender transmissions
1366522918,INFO,Starting analysis m: 379 t: 1 e: 30
1366523295,WARN,Disabling IridiumMessageSender transmissions
1366524633,INFO,Completed analysis m: 379 t: 1 e: 30
1366524661,INFO,Enabling IridiumMessageSender transmissions
1366549057,INFO,Max CNO changed from 49 to 46
1366568896,INFO,powerData | solV: 5.69
1366568921,INFO,powerData | solI: 0.31
1366568941,INFO,powerData | battV: 4.14
1366568962,INFO,powerData | battI: 0.32
1366568982,INFO,powerData | busV: 4.16
1366569003,INFO,powerData | busI: 0.05
1366569023,INFO,powerData | BQ status reg: 172
1366569043,INFO,powerData | Fault reg: 0
1366569066,INFO,powerData | Charge status: 2
1366569086,INFO,powerData | DPM status: 1
1366574065,INFO,Starting analysis m: 379 t: 1 e: 31
1366574383,WARN,Disabling IridiumMessageSender transmissions
1366575704,INFO,Completed analysis m: 379 t: 1 e: 31
1366575728,INFO,Enabling IridiumMessageSender transmissions
1366625212,INFO,Starting analysis m: 379 t: 1 e: 32
1366625495,WARN,Disabling IridiumMessageSender transmissions
1366626807,INFO,Completed analysis m: 379 t: 1 e: 32
1366626832,INFO,Processing stats m: 379 t: 1 e: 33
1366633666,INFO,Finished collection for m: 379 in 1749
1366633695,INFO,Submitting 48 byte / 378 bit message: 
1366633750,DEBUG,m 247 sub to Q at i 0 count: 247
1366633773,DEBUG,1 msgs in Q
1366633820,INFO,Enabling IridiumMessageSender transmissions
1366633854,DEBUG,Sending Q index: 0 id: 247
1366670802,INFO,Send complete: Q index: 0 count_id 247
1366684712,INFO,Starting collection m: 380 t: 0 at 1649014591.20
1366703761,INFO,Submitting 19 byte / 150 bit SMC message: 
1366703804,DEBUG,m 248 sub to Q at i 0 count: 248
1366703826,DEBUG,1 msgs in Q
1366704041,DEBUG,Sending Q index: 0 id: 248
1366714075,INFO,Send complete: Q index: 0 count_id 248
1366786664,INFO,Starting analysis m: 380 t: 0 e: 0
1366786951,WARN,Disabling IridiumMessageSender transmissions
1366787995,INFO,Completed analysis m: 380 t: 0 e: 0
1366788020,INFO,Enabling IridiumMessageSender transmissions
1366837811,INFO,Starting analysis m: 380 t: 0 e: 1
1366838091,WARN,Disabling IridiumMessageSender transmissions
1366839396,INFO,Completed analysis m: 380 t: 0 e: 1
1366839420,INFO,Enabling IridiumMessageSender transmissions
1366868899,INFO,powerData | solV: 6.64
1366868924,INFO,powerData | solI: 0.44
1366868944,INFO,powerData | battV: 4.17
1366868965,INFO,powerData | battI: 0.57
1366868987,INFO,powerData | busV: 4.20
1366869008,INFO,powerData | busI: 0.06
1366869028,INFO,powerData | BQ status reg: 164
1366869049,INFO,powerData | Fault reg: 0
1366869069,INFO,powerData | Charge status: 2
1366869090,INFO,powerData | DPM status: 0
1366888960,INFO,Starting analysis m: 380 t: 0 e: 2
1366889254,WARN,Disabling IridiumMessageSender transmissions
1366890553,INFO,Completed analysis m: 380 t: 0 e: 2
1366890577,INFO,Enabling IridiumMessageSender transmissions
1366940112,INFO,Starting analysis m: 380 t: 0 e: 3
1366940395,WARN,Disabling IridiumMessageSender transmissions
1366941696,INFO,Completed analysis m: 380 t: 0 e: 3
1366941720,INFO,Enabling IridiumMessageSender transmissions
1366991247,INFO,Starting analysis m: 380 t: 0 e: 4
1366991534,WARN,Disabling IridiumMessageSender transmissions
1366992850,INFO,Completed analysis m: 380 t: 0 e: 4
1366992875,INFO,Enabling IridiumMessageSender transmissions
1367042408,INFO,Starting analysis m: 380 t: 0 e: 5
1367042691,WARN,Disabling IridiumMessageSender transmissions
1367043991,INFO,Completed analysis m: 380 t: 0 e: 5
1367044016,INFO,Enabling IridiumMessageSender transmissions
1367093547,INFO,Starting analysis m: 380 t: 0 e: 6
1367093835,WARN,Disabling IridiumMessageSender transmissions
1367095169,INFO,Completed analysis m: 380 t: 0 e: 6
1367095195,INFO,Enabling IridiumMessageSender transmissions
1367144706,INFO,Starting analysis m: 380 t: 0 e: 7
1367145025,WARN,Disabling IridiumMessageSender transmissions
1367146338,INFO,Completed analysis m: 380 t: 0 e: 7
1367146360,INFO,Enabling IridiumMessageSender transmissions
1367168903,INFO,powerData | solV: 6.57
1367168925,INFO,powerData | solI: 0.42
1367168946,INFO,powerData | battV: 4.17
1367168966,INFO,powerData | battI: 0.54
1367168991,INFO,powerData | busV: 4.20
1367169015,INFO,powerData | busI: 0.05
1367169040,INFO,powerData | BQ status reg: 164
1367169062,INFO,powerData | Fault reg: 0
1367169087,INFO,powerData | Charge status: 2
1367169107,INFO,powerData | DPM status: 0
1367195846,INFO,Starting analysis m: 380 t: 0 e: 8
1367196133,WARN,Disabling IridiumMessageSender transmissions
1367197394,INFO,Completed analysis m: 380 t: 0 e: 8
1367197419,INFO,Enabling IridiumMessageSender transmissions
1367247003,INFO,Starting analysis m: 380 t: 0 e: 9
1367247376,WARN,Disabling IridiumMessageSender transmissions
1367248832,INFO,Completed analysis m: 380 t: 0 e: 9
1367248857,INFO,Enabling IridiumMessageSender transmissions
1367298150,INFO,Starting analysis m: 380 t: 0 e: 10
1367298430,WARN,Disabling IridiumMessageSender transmissions
1367299684,INFO,Completed analysis m: 380 t: 0 e: 10
1367299710,INFO,Enabling IridiumMessageSender transmissions
1367349309,INFO,Starting analysis m: 380 t: 0 e: 11
1367349596,WARN,Disabling IridiumMessageSender transmissions
1367350847,INFO,Completed analysis m: 380 t: 0 e: 11
1367350876,INFO,Enabling IridiumMessageSender transmissions
1367400456,INFO,Starting analysis m: 380 t: 0 e: 12
1367400736,WARN,Disabling IridiumMessageSender transmissions
1367402043,INFO,Completed analysis m: 380 t: 0 e: 12
1367402070,INFO,Enabling IridiumMessageSender transmissions
1367451609,INFO,Starting analysis m: 380 t: 0 e: 13
1367451895,WARN,Disabling IridiumMessageSender transmissions
1367453194,INFO,Completed analysis m: 380 t: 0 e: 13
1367453218,INFO,Enabling IridiumMessageSender transmissions
1367468908,INFO,powerData | solV: 6.66
1367468931,INFO,powerData | solI: 0.40
1367468951,INFO,powerData | battV: 4.18
1367468974,INFO,powerData | battI: 0.52
1367468994,INFO,powerData | busV: 4.20
1367469015,INFO,powerData | busI: 0.06
1367469037,INFO,powerData | BQ status reg: 164
1367469058,INFO,powerData | Fault reg: 0
1367469080,INFO,powerData | Charge status: 2
1367469105,INFO,powerData | DPM status: 0
1367502753,INFO,Starting analysis m: 380 t: 0 e: 14
1367503040,WARN,Disabling IridiumMessageSender transmissions
1367504343,INFO,Completed analysis m: 380 t: 0 e: 14
1367504367,INFO,Enabling IridiumMessageSender transmissions
1367553906,INFO,Starting analysis m: 380 t: 0 e: 15
1367554187,WARN,Disabling IridiumMessageSender transmissions
1367555528,INFO,Completed analysis m: 380 t: 0 e: 15
1367555553,INFO,Enabling IridiumMessageSender transmissions
1367605055,INFO,Starting analysis m: 380 t: 0 e: 16
1367605338,WARN,Disabling IridiumMessageSender transmissions
1367606689,INFO,Completed analysis m: 380 t: 0 e: 16
1367606714,INFO,Enabling IridiumMessageSender transmissions
1367656212,INFO,Starting analysis m: 380 t: 0 e: 17
1367656499,WARN,Disabling IridiumMessageSender transmissions
1367657801,INFO,Completed analysis m: 380 t: 0 e: 17
1367657826,INFO,Enabling IridiumMessageSender transmissions
1367707346,INFO,Starting analysis m: 380 t: 0 e: 18
1367707633,WARN,Disabling IridiumMessageSender transmissions
1367708829,INFO,Completed analysis m: 380 t: 0 e: 18
1367708860,INFO,Enabling IridiumMessageSender transmissions
1367758493,INFO,Starting analysis m: 380 t: 0 e: 19
1367758776,WARN,Disabling IridiumMessageSender transmissions
1367760031,INFO,Completed analysis m: 380 t: 0 e: 19
1367760056,INFO,Enabling IridiumMessageSender transmissions
1367768915,INFO,powerData | solV: 6.82
1367768938,INFO,powerData | solI: 0.38
1367768958,INFO,powerData | battV: 4.18
1367768981,INFO,powerData | battI: 0.50
1367769001,INFO,powerData | busV: 4.20
1367769026,INFO,powerData | busI: 0.05
1367769049,INFO,powerData | BQ status reg: 164
1367769071,INFO,powerData | Fault reg: 0
1367769092,INFO,powerData | Charge status: 2
1367769114,INFO,powerData | DPM status: 0
1367809642,INFO,Starting analysis m: 380 t: 0 e: 20
1367809925,WARN,Disabling IridiumMessageSender transmissions
1367811182,INFO,Completed analysis m: 380 t: 0 e: 20
1367811207,INFO,Enabling IridiumMessageSender transmissions
1367860793,INFO,Starting analysis m: 380 t: 0 e: 21
1367861082,WARN,Disabling IridiumMessageSender transmissions
1367862388,INFO,Completed analysis m: 380 t: 0 e: 21
1367862413,INFO,Enabling IridiumMessageSender transmissions
1367911954,INFO,Starting analysis m: 380 t: 0 e: 22
1367912235,WARN,Disabling IridiumMessageSender transmissions
1367913547,INFO,Completed analysis m: 380 t: 0 e: 22
1367913572,INFO,Enabling IridiumMessageSender transmissions
1367963105,INFO,Starting analysis m: 380 t: 0 e: 23
1367963385,WARN,Disabling IridiumMessageSender transmissions
1367964688,INFO,Completed analysis m: 380 t: 0 e: 23
1367964712,INFO,Enabling IridiumMessageSender transmissions
1368014249,INFO,Starting analysis m: 380 t: 0 e: 24
1368014536,WARN,Disabling IridiumMessageSender transmissions
1368015835,INFO,Completed analysis m: 380 t: 0 e: 24
1368015859,INFO,Enabling IridiumMessageSender transmissions
1368065665,INFO,Starting analysis m: 380 t: 0 e: 25
1368066473,WARN,Disabling IridiumMessageSender transmissions
1368068007,INFO,Completed analysis m: 380 t: 0 e: 25
1368068036,INFO,Enabling IridiumMessageSender transmissions
1368068917,INFO,powerData | solV: 6.55
1368068941,INFO,powerData | solI: 0.43
1368068962,INFO,powerData | battV: 4.18
1368068982,INFO,powerData | battI: 0.47
1368069005,INFO,powerData | busV: 4.19
1368069025,INFO,powerData | busI: 0.14
1368069048,INFO,powerData | BQ status reg: 164
1368069068,INFO,powerData | Fault reg: 0
1368069089,INFO,powerData | Charge status: 2
1368069111,INFO,powerData | DPM status: 0
1368116568,INFO,Starting analysis m: 380 t: 0 e: 26
1368116871,WARN,Disabling IridiumMessageSender transmissions
1368118161,INFO,Completed analysis m: 380 t: 0 e: 26
1368118185,INFO,Enabling IridiumMessageSender transmissions
1368167694,INFO,Starting analysis m: 380 t: 0 e: 27
1368167981,WARN,Disabling IridiumMessageSender transmissions
1368169295,INFO,Completed analysis m: 380 t: 0 e: 27
1368169322,INFO,Enabling IridiumMessageSender transmissions
1368218853,INFO,Starting analysis m: 380 t: 0 e: 28
1368219136,WARN,Disabling IridiumMessageSender transmissions
1368220438,INFO,Completed analysis m: 380 t: 0 e: 28
1368220463,INFO,Enabling IridiumMessageSender transmissions
1368269993,INFO,Starting analysis m: 380 t: 0 e: 29
1368270282,WARN,Disabling IridiumMessageSender transmissions
1368271534,INFO,Completed analysis m: 380 t: 0 e: 29
1368271560,INFO,Enabling IridiumMessageSender transmissions
1368321150,INFO,Starting analysis m: 380 t: 0 e: 30
1368321433,WARN,Disabling IridiumMessageSender transmissions
1368322811,INFO,Completed analysis m: 380 t: 0 e: 30
1368322842,INFO,Enabling IridiumMessageSender transmissions
1368368926,INFO,powerData | solV: 6.62
1368368949,INFO,powerData | solI: 0.35
1368368969,INFO,powerData | battV: 4.18
1368368992,INFO,powerData | battI: 0.45
1368369016,INFO,powerData | busV: 4.20
1368369041,INFO,powerData | busI: 0.05
1368369063,INFO,powerData | BQ status reg: 164
1368369084,INFO,powerData | Fault reg: 0
1368369106,INFO,powerData | Charge status: 2
1368369127,INFO,powerData | DPM status: 0
1368372291,INFO,Starting analysis m: 380 t: 0 e: 31
1368372578,WARN,Disabling IridiumMessageSender transmissions
1368373837,INFO,Completed analysis m: 380 t: 0 e: 31
1368373862,INFO,Enabling IridiumMessageSender transmissions
1368423440,INFO,Starting analysis m: 380 t: 0 e: 32
1368423731,WARN,Disabling IridiumMessageSender transmissions
1368425046,INFO,Completed analysis m: 380 t: 0 e: 32
1368425070,INFO,Processing stats m: 380 t: 0 e: 33
1368431204,INFO,Enabling IridiumMessageSender transmissions
1368482942,INFO,Starting collection m: 380 t: 1 at 1649016391.20
1368584882,INFO,Starting analysis m: 380 t: 1 e: 0
1368585164,WARN,Disabling IridiumMessageSender transmissions
1368586219,INFO,Completed analysis m: 380 t: 1 e: 0
1368586244,INFO,Enabling IridiumMessageSender transmissions
1368636049,INFO,Starting analysis m: 380 t: 1 e: 1
1368636332,WARN,Disabling IridiumMessageSender transmissions
1368637691,INFO,Completed analysis m: 380 t: 1 e: 1
1368637716,INFO,Enabling IridiumMessageSender transmissions
1368668930,INFO,powerData | solV: 6.72
1368668952,INFO,powerData | solI: 0.35
1368668973,INFO,powerData | battV: 4.18
1368668993,INFO,powerData | battI: 0.43
1368669016,INFO,powerData | busV: 4.20
1368669036,INFO,powerData | busI: 0.06
1368669057,INFO,powerData | BQ status reg: 164
1368669079,INFO,powerData | Fault reg: 0
1368669100,INFO,powerData | Charge status: 2
1368669124,INFO,powerData | DPM status: 0
1368687194,INFO,Starting analysis m: 380 t: 1 e: 2
1368687513,WARN,Disabling IridiumMessageSender transmissions
1368688973,INFO,Completed analysis m: 380 t: 1 e: 2
1368689149,INFO,Enabling IridiumMessageSender transmissions
1368738349,INFO,Starting analysis m: 380 t: 1 e: 3
1368738635,WARN,Disabling IridiumMessageSender transmissions
1368739930,INFO,Completed analysis m: 380 t: 1 e: 3
1368739954,INFO,Enabling IridiumMessageSender transmissions
1368789495,INFO,Starting analysis m: 380 t: 1 e: 4
1368789778,WARN,Disabling IridiumMessageSender transmissions
1368791080,INFO,Completed analysis m: 380 t: 1 e: 4
1368791109,INFO,Enabling IridiumMessageSender transmissions
1368840634,INFO,Starting analysis m: 380 t: 1 e: 5
1368840914,WARN,Disabling IridiumMessageSender transmissions
1368842172,INFO,Completed analysis m: 380 t: 1 e: 5
1368842199,INFO,Enabling IridiumMessageSender transmissions
1368891791,INFO,Starting analysis m: 380 t: 1 e: 6
1368892080,WARN,Disabling IridiumMessageSender transmissions
1368893376,INFO,Completed analysis m: 380 t: 1 e: 6
1368893401,INFO,Enabling IridiumMessageSender transmissions
1368942936,INFO,Starting analysis m: 380 t: 1 e: 7
1368943216,WARN,Disabling IridiumMessageSender transmissions
1368944470,INFO,Completed analysis m: 380 t: 1 e: 7
1368944496,INFO,Enabling IridiumMessageSender transmissions
1368968933,INFO,powerData | solV: 6.88
1368968955,INFO,powerData | solI: 0.31
1368968978,INFO,powerData | battV: 4.18
1368968998,INFO,powerData | battI: 0.41
1368969021,INFO,powerData | busV: 4.20
1368969041,INFO,powerData | busI: 0.05
1368969066,INFO,powerData | BQ status reg: 164
1368969089,INFO,powerData | Fault reg: 0
1368969109,INFO,powerData | Charge status: 2
1368969132,INFO,powerData | DPM status: 0
1368994088,INFO,Starting analysis m: 380 t: 1 e: 8
1368994375,WARN,Disabling IridiumMessageSender transmissions
1368995680,INFO,Completed analysis m: 380 t: 1 e: 8
1368995706,INFO,Enabling IridiumMessageSender transmissions
1369045248,INFO,Starting analysis m: 380 t: 1 e: 9
1369045528,WARN,Disabling IridiumMessageSender transmissions
1369047085,INFO,Completed analysis m: 380 t: 1 e: 9
1369047109,INFO,Enabling IridiumMessageSender transmissions
1369096386,INFO,Starting analysis m: 380 t: 1 e: 10
1369096667,WARN,Disabling IridiumMessageSender transmissions
1369098012,INFO,Completed analysis m: 380 t: 1 e: 10
1369098037,INFO,Enabling IridiumMessageSender transmissions
1369147549,INFO,Starting analysis m: 380 t: 1 e: 11
1369147842,WARN,Disabling IridiumMessageSender transmissions
1369149188,INFO,Completed analysis m: 380 t: 1 e: 11
1369149216,INFO,Enabling IridiumMessageSender transmissions
1369198708,INFO,Starting analysis m: 380 t: 1 e: 12
1369198995,WARN,Disabling IridiumMessageSender transmissions
1369200287,INFO,Completed analysis m: 380 t: 1 e: 12
1369200312,INFO,Enabling IridiumMessageSender transmissions
1369249849,INFO,Starting analysis m: 380 t: 1 e: 13
1369250136,WARN,Disabling IridiumMessageSender transmissions
1369251440,INFO,Completed analysis m: 380 t: 1 e: 13
1369251465,INFO,Enabling IridiumMessageSender transmissions
1369266380,INFO,Max CNO changed from 46 to 43
1369268934,INFO,powerData | solV: 6.79
1369268961,INFO,powerData | solI: 0.30
1369268983,INFO,powerData | battV: 4.18
1369269004,INFO,powerData | battI: 0.38
1369269026,INFO,powerData | busV: 4.20
1369269047,INFO,powerData | busI: 0.05
1369269069,INFO,powerData | BQ status reg: 164
1369269090,INFO,powerData | Fault reg: 0
1369269112,INFO,powerData | Charge status: 2
1369269133,INFO,powerData | DPM status: 0
1369300985,INFO,Starting analysis m: 380 t: 1 e: 14
1369301270,WARN,Disabling IridiumMessageSender transmissions
1369302528,INFO,Completed analysis m: 380 t: 1 e: 14
1369302554,INFO,Enabling IridiumMessageSender transmissions
1369306353,INFO,Max CNO changed from 43 to 46
1369352136,INFO,Starting analysis m: 380 t: 1 e: 15
1369352419,WARN,Disabling IridiumMessageSender transmissions
1369353674,INFO,Completed analysis m: 380 t: 1 e: 15
1369353701,INFO,Enabling IridiumMessageSender transmissions
1369403308,INFO,Starting analysis m: 380 t: 1 e: 16
1369403596,WARN,Disabling IridiumMessageSender transmissions
1369404889,INFO,Completed analysis m: 380 t: 1 e: 16
1369404913,INFO,Enabling IridiumMessageSender transmissions
1369454452,INFO,Starting analysis m: 380 t: 1 e: 17
1369454735,WARN,Disabling IridiumMessageSender transmissions
1369456033,INFO,Completed analysis m: 380 t: 1 e: 17
1369456058,INFO,Enabling IridiumMessageSender transmissions
1369505589,INFO,Starting analysis m: 380 t: 1 e: 18
1369505875,WARN,Disabling IridiumMessageSender transmissions
1369507088,INFO,Completed analysis m: 380 t: 1 e: 18
1369507117,INFO,Enabling IridiumMessageSender transmissions
1369556744,INFO,Starting analysis m: 380 t: 1 e: 19
1369557024,WARN,Disabling IridiumMessageSender transmissions
1369558282,INFO,Completed analysis m: 380 t: 1 e: 19
1369558306,INFO,Enabling IridiumMessageSender transmissions
1369568956,INFO,powerData | solV: 6.60
1369568980,INFO,powerData | solI: 0.29
1369569001,INFO,powerData | battV: 4.18
1369569024,INFO,powerData | battI: 0.35
1369569052,INFO,powerData | busV: 4.20
1369569077,INFO,powerData | busI: 0.05
1369569097,INFO,powerData | BQ status reg: 164
1369569120,INFO,powerData | Fault reg: 0
1369569140,INFO,powerData | Charge status: 2
1369569163,INFO,powerData | DPM status: 0
1369607903,INFO,Starting analysis m: 380 t: 1 e: 20
1369608189,WARN,Disabling IridiumMessageSender transmissions
1369609533,INFO,Completed analysis m: 380 t: 1 e: 20
1369609560,INFO,Enabling IridiumMessageSender transmissions
1369659058,INFO,Starting analysis m: 380 t: 1 e: 21
1369659383,WARN,Disabling IridiumMessageSender transmissions
1369660684,INFO,Completed analysis m: 380 t: 1 e: 21
1369660710,INFO,Enabling IridiumMessageSender transmissions
1369710204,INFO,Starting analysis m: 380 t: 1 e: 22
1369710491,WARN,Disabling IridiumMessageSender transmissions
1369711788,INFO,Completed analysis m: 380 t: 1 e: 22
1369711812,INFO,Enabling IridiumMessageSender transmissions
1369761343,INFO,Starting analysis m: 380 t: 1 e: 23
1369761630,WARN,Disabling IridiumMessageSender transmissions
1369762940,INFO,Completed analysis m: 380 t: 1 e: 23
1369762965,INFO,Enabling IridiumMessageSender transmissions
1369805864,INFO,Max CNO changed from 46 to 50
1369812492,INFO,Starting analysis m: 380 t: 1 e: 24
1369812781,WARN,Disabling IridiumMessageSender transmissions
1369814040,INFO,Completed analysis m: 380 t: 1 e: 24
1369814065,INFO,Enabling IridiumMessageSender transmissions
1369845833,INFO,Max CNO changed from 50 to 47
1369863661,INFO,Starting analysis m: 380 t: 1 e: 25
1369863946,WARN,Disabling IridiumMessageSender transmissions
1369865246,INFO,Completed analysis m: 380 t: 1 e: 25
1369865271,INFO,Enabling IridiumMessageSender transmissions
1369868961,INFO,powerData | solV: 7.04
1369868984,INFO,powerData | solI: 0.05
1369869006,INFO,powerData | battV: 4.14
1369869027,INFO,powerData | battI: -0.01
1369869049,INFO,powerData | busV: 4.29
1369869070,INFO,powerData | busI: 0.06
1369869090,INFO,powerData | BQ status reg: 180
1369869117,INFO,powerData | Fault reg: 0
1369869142,INFO,powerData | Charge status: 3
1369869168,INFO,powerData | DPM status: 0
1369914804,INFO,Starting analysis m: 380 t: 1 e: 26
1369915090,WARN,Disabling IridiumMessageSender transmissions
1369916391,INFO,Completed analysis m: 380 t: 1 e: 26
1369916416,INFO,Enabling IridiumMessageSender transmissions
1369965946,INFO,Starting analysis m: 380 t: 1 e: 27
1369966229,WARN,Disabling IridiumMessageSender transmissions
1369967540,INFO,Completed analysis m: 380 t: 1 e: 27
1369967570,INFO,Enabling IridiumMessageSender transmissions
1370017107,INFO,Starting analysis m: 380 t: 1 e: 28
1370017388,WARN,Disabling IridiumMessageSender transmissions
1370018713,INFO,Completed analysis m: 380 t: 1 e: 28
1370018738,INFO,Enabling IridiumMessageSender transmissions
1370068250,INFO,Starting analysis m: 380 t: 1 e: 29
1370068539,WARN,Disabling IridiumMessageSender transmissions
1370069897,INFO,Completed analysis m: 380 t: 1 e: 29
1370069921,INFO,Enabling IridiumMessageSender transmissions
1370119397,INFO,Starting analysis m: 380 t: 1 e: 30
1370119680,WARN,Disabling IridiumMessageSender transmissions
1370121113,INFO,Completed analysis m: 380 t: 1 e: 30
1370121140,INFO,Enabling IridiumMessageSender transmissions
1370168963,INFO,powerData | solV: 7.11
1370168985,INFO,powerData | solI: 0.04
1370169006,INFO,powerData | battV: 4.14
1370169028,INFO,powerData | battI: -0.01
1370169049,INFO,powerData | busV: 4.29
1370169071,INFO,powerData | busI: 0.05
1370169096,INFO,powerData | BQ status reg: 180
1370169118,INFO,powerData | Fault reg: 0
1370169139,INFO,powerData | Charge status: 3
1370169161,INFO,powerData | DPM status: 0
1370170550,INFO,Starting analysis m: 380 t: 1 e: 31
1370170843,WARN,Disabling IridiumMessageSender transmissions
1370172137,INFO,Completed analysis m: 380 t: 1 e: 31
1370172162,INFO,Enabling IridiumMessageSender transmissions
1370221697,INFO,Starting analysis m: 380 t: 1 e: 32
1370221979,WARN,Disabling IridiumMessageSender transmissions
1370223292,INFO,Completed analysis m: 380 t: 1 e: 32
1370223316,INFO,Processing stats m: 380 t: 1 e: 33
1370229448,INFO,Finished collection for m: 380 in 1748
1370229473,INFO,Submitting 48 byte / 378 bit message: 
1370229530,DEBUG,m 249 sub to Q at i 0 count: 249
1370229555,DEBUG,1 msgs in Q
1370229604,INFO,Enabling IridiumMessageSender transmissions
1370229643,DEBUG,Sending Q index: 0 id: 249
1370238152,INFO,Send complete: Q index: 0 count_id 249
1370281193,INFO,Starting collection m: 381 t: 0 at 1649018191.20
1370299901,INFO,Submitting 19 byte / 150 bit SMC message: 
1370299944,DEBUG,m 250 sub to Q at i 0 count: 250
1370299971,DEBUG,1 msgs in Q
1370300125,DEBUG,Sending Q index: 0 id: 250
1370310469,INFO,Send complete: Q index: 0 count_id 250
1370383138,INFO,Starting analysis m: 381 t: 0 e: 0
1370383425,WARN,Disabling IridiumMessageSender transmissions
1370384472,INFO,Completed analysis m: 381 t: 0 e: 0
1370384496,INFO,Enabling IridiumMessageSender transmissions
1370434299,INFO,Starting analysis m: 381 t: 0 e: 1
1370434586,WARN,Disabling IridiumMessageSender transmissions
1370435889,INFO,Completed analysis m: 381 t: 0 e: 1
1370435913,INFO,Enabling IridiumMessageSender transmissions
1370468964,INFO,powerData | solV: 6.75
1370468990,INFO,powerData | solI: 0.29
1370469013,INFO,powerData | battV: 4.18
1370469033,INFO,powerData | battI: 0.34
1370469056,INFO,powerData | busV: 4.20
1370469076,INFO,powerData | busI: 0.06
1370469099,INFO,powerData | BQ status reg: 164
1370469120,INFO,powerData | Fault reg: 0
1370469146,INFO,powerData | Charge status: 2
1370469167,INFO,powerData | DPM status: 0
1370485440,INFO,Starting analysis m: 381 t: 0 e: 2
1370485729,WARN,Disabling IridiumMessageSender transmissions
1370487037,INFO,Completed analysis m: 381 t: 0 e: 2
1370487062,INFO,Enabling IridiumMessageSender transmissions
1370536591,INFO,Starting analysis m: 381 t: 0 e: 3
1370536871,WARN,Disabling IridiumMessageSender transmissions
1370538123,INFO,Completed analysis m: 381 t: 0 e: 3
1370538156,INFO,Enabling IridiumMessageSender transmissions
1370587742,INFO,Starting analysis m: 381 t: 0 e: 4
1370588030,WARN,Disabling IridiumMessageSender transmissions
1370589339,INFO,Completed analysis m: 381 t: 0 e: 4
1370589364,INFO,Enabling IridiumMessageSender transmissions
1370638893,INFO,Starting analysis m: 381 t: 0 e: 5
1370639173,WARN,Disabling IridiumMessageSender transmissions
1370640420,INFO,Completed analysis m: 381 t: 0 e: 5
1370640447,INFO,Enabling IridiumMessageSender transmissions
1370690050,INFO,Starting analysis m: 381 t: 0 e: 6
1370690338,WARN,Disabling IridiumMessageSender transmissions
1370691686,INFO,Completed analysis m: 381 t: 0 e: 6
1370691708,INFO,Enabling IridiumMessageSender transmissions
1370741211,INFO,Starting analysis m: 381 t: 0 e: 7
1370741499,WARN,Disabling IridiumMessageSender transmissions
1370742790,INFO,Completed analysis m: 381 t: 0 e: 7
1370742814,INFO,Enabling IridiumMessageSender transmissions
1370768969,INFO,powerData | solV: 6.78
1370768992,INFO,powerData | solI: 0.26
1370769016,INFO,powerData | battV: 4.18
1370769037,INFO,powerData | battI: 0.32
1370769057,INFO,powerData | busV: 4.20
1370769082,INFO,powerData | busI: 0.05
1370769104,INFO,powerData | BQ status reg: 164
1370769127,INFO,powerData | Fault reg: 0
1370769147,INFO,powerData | Charge status: 2
1370769168,INFO,powerData | DPM status: 0
1370792343,INFO,Starting analysis m: 381 t: 0 e: 8
1370792632,WARN,Disabling IridiumMessageSender transmissions
1370793940,INFO,Completed analysis m: 381 t: 0 e: 8
1370793969,INFO,Enabling IridiumMessageSender transmissions
1370843506,INFO,Starting analysis m: 381 t: 0 e: 9
1370843789,WARN,Disabling IridiumMessageSender transmissions
1370845345,INFO,Completed analysis m: 381 t: 0 e: 9
1370845370,INFO,Enabling IridiumMessageSender transmissions
1370894649,INFO,Starting analysis m: 381 t: 0 e: 10
1370894929,WARN,Disabling IridiumMessageSender transmissions
1370896236,INFO,Completed analysis m: 381 t: 0 e: 10
1370896261,INFO,Enabling IridiumMessageSender transmissions
1370945792,INFO,Starting analysis m: 381 t: 0 e: 11
1370946078,WARN,Disabling IridiumMessageSender transmissions
1370947323,INFO,Completed analysis m: 381 t: 0 e: 11
1370947350,INFO,Enabling IridiumMessageSender transmissions
1370996942,INFO,Starting analysis m: 381 t: 0 e: 12
1370997225,WARN,Disabling IridiumMessageSender transmissions
1370998476,INFO,Completed analysis m: 381 t: 0 e: 12
1370998503,INFO,Enabling IridiumMessageSender transmissions
1371048093,INFO,Starting analysis m: 381 t: 0 e: 13
1371048386,WARN,Disabling IridiumMessageSender transmissions
1371049633,INFO,Completed analysis m: 381 t: 0 e: 13
1371049658,INFO,Enabling IridiumMessageSender transmissions
1371068979,INFO,powerData | solV: 6.87
1371069001,INFO,powerData | solI: 0.20
1371069022,INFO,powerData | battV: 4.18
1371069042,INFO,powerData | battI: 0.22
1371069063,INFO,powerData | busV: 4.22
1371069083,INFO,powerData | busI: 0.05
1371069106,INFO,powerData | BQ status reg: 180
1371069126,INFO,powerData | Fault reg: 0
1371069151,INFO,powerData | Charge status: 3
1371069171,INFO,powerData | DPM status: 0
1371099244,INFO,Starting analysis m: 381 t: 0 e: 14
1371099527,WARN,Disabling IridiumMessageSender transmissions
1371100794,INFO,Completed analysis m: 381 t: 0 e: 14
1371100819,INFO,Enabling IridiumMessageSender transmissions
1371150393,INFO,Starting analysis m: 381 t: 0 e: 15
1371150673,WARN,Disabling IridiumMessageSender transmissions
1371152023,INFO,Completed analysis m: 381 t: 0 e: 15
1371152052,INFO,Enabling IridiumMessageSender transmissions
1371201548,INFO,Starting analysis m: 381 t: 0 e: 16
1371201867,WARN,Disabling IridiumMessageSender transmissions
1371203166,INFO,Completed analysis m: 381 t: 0 e: 16
1371203190,INFO,Enabling IridiumMessageSender transmissions
1371252695,INFO,Starting analysis m: 381 t: 0 e: 17
1371252977,WARN,Disabling IridiumMessageSender transmissions
1371254226,INFO,Completed analysis m: 381 t: 0 e: 17
1371254253,INFO,Enabling IridiumMessageSender transmissions
1371303991,INFO,Starting analysis m: 381 t: 0 e: 18
1371304869,WARN,Disabling IridiumMessageSender transmissions
1371305738,WARN,wd unserviced for 858
1371306377,INFO,Completed analysis m: 381 t: 0 e: 18
1371306401,INFO,Enabling IridiumMessageSender transmissions
1371354998,INFO,Starting analysis m: 381 t: 0 e: 19
1371355281,WARN,Disabling IridiumMessageSender transmissions
1371356592,INFO,Completed analysis m: 381 t: 0 e: 19
1371356616,INFO,Enabling IridiumMessageSender transmissions
1371368984,INFO,powerData | solV: 7.07
1371369007,INFO,powerData | solI: 0.04
1371369027,INFO,powerData | battV: 4.14
1371369048,INFO,powerData | battI: -0.01
1371369070,INFO,powerData | busV: 4.30
1371369091,INFO,powerData | busI: 0.05
1371369111,INFO,powerData | BQ status reg: 180
1371369132,INFO,powerData | Fault reg: 0
1371369152,INFO,powerData | Charge status: 3
1371369172,INFO,powerData | DPM status: 0
1371406157,INFO,Starting analysis m: 381 t: 0 e: 20
1371406444,WARN,Disabling IridiumMessageSender transmissions
1371407742,INFO,Completed analysis m: 381 t: 0 e: 20
1371407765,INFO,Enabling IridiumMessageSender transmissions
1371457300,INFO,Starting analysis m: 381 t: 0 e: 21
1371457583,WARN,Disabling IridiumMessageSender transmissions
1371458834,INFO,Completed analysis m: 381 t: 0 e: 21
1371458859,INFO,Enabling IridiumMessageSender transmissions
1371508459,INFO,Starting analysis m: 381 t: 0 e: 22
1371508748,WARN,Disabling IridiumMessageSender transmissions
1371510044,INFO,Completed analysis m: 381 t: 0 e: 22
1371510073,INFO,Enabling IridiumMessageSender transmissions
1371559604,INFO,Starting analysis m: 381 t: 0 e: 23
1371559884,WARN,Disabling IridiumMessageSender transmissions
1371561134,INFO,Completed analysis m: 381 t: 0 e: 23
1371561158,INFO,Enabling IridiumMessageSender transmissions
1371610753,INFO,Starting analysis m: 381 t: 0 e: 24
1371611041,WARN,Disabling IridiumMessageSender transmissions
1371612395,INFO,Completed analysis m: 381 t: 0 e: 24
1371612418,INFO,Enabling IridiumMessageSender transmissions
1371661907,INFO,Starting analysis m: 381 t: 0 e: 25
1371662227,WARN,Disabling IridiumMessageSender transmissions
1371663540,INFO,Completed analysis m: 381 t: 0 e: 25
1371663564,INFO,Enabling IridiumMessageSender transmissions
1371668985,INFO,powerData | solV: 7.04
1371669010,INFO,powerData | solI: 0.05
1371669037,INFO,powerData | battV: 4.14
1371669057,INFO,powerData | battI: -0.01
1371669080,INFO,powerData | busV: 4.30
1371669100,INFO,powerData | busI: 0.06
1371669125,INFO,powerData | BQ status reg: 180
1371669145,INFO,powerData | Fault reg: 0
1371669166,INFO,powerData | Charge status: 3
1371669186,INFO,powerData | DPM status: 0
1371713062,INFO,Starting analysis m: 381 t: 0 e: 26
1371713345,WARN,Disabling IridiumMessageSender transmissions
1371714648,INFO,Completed analysis m: 381 t: 0 e: 26
1371714672,INFO,Enabling IridiumMessageSender transmissions
1371764207,INFO,Starting analysis m: 381 t: 0 e: 27
1371764488,WARN,Disabling IridiumMessageSender transmissions
1371765800,INFO,Completed analysis m: 381 t: 0 e: 27
1371765825,INFO,Enabling IridiumMessageSender transmissions
1371815354,INFO,Starting analysis m: 381 t: 0 e: 28
1371815636,WARN,Disabling IridiumMessageSender transmissions
1371816894,INFO,Completed analysis m: 381 t: 0 e: 28
1371816919,INFO,Enabling IridiumMessageSender transmissions
1371866517,INFO,Starting analysis m: 381 t: 0 e: 29
1371866806,WARN,Disabling IridiumMessageSender transmissions
1371868106,INFO,Completed analysis m: 381 t: 0 e: 29
1371868135,INFO,Enabling IridiumMessageSender transmissions
1371917666,INFO,Starting analysis m: 381 t: 0 e: 30
1371917948,WARN,Disabling IridiumMessageSender transmissions
1371919333,INFO,Completed analysis m: 381 t: 0 e: 30
1371919357,INFO,Enabling IridiumMessageSender transmissions
1371968811,INFO,Starting analysis m: 381 t: 0 e: 31
1371969099,WARN,Disabling IridiumMessageSender transmissions
1371969128,INFO,powerData | solV: 7.04
1371969155,INFO,powerData | solI: 0.04
1371969175,INFO,powerData | battV: 4.14
1371969200,INFO,powerData | battI: -0.01
1371969220,INFO,powerData | busV: 4.30
1371969241,INFO,powerData | busI: 0.05
1371969261,INFO,powerData | BQ status reg: 180
1371969284,INFO,powerData | Fault reg: 0
1371969304,INFO,powerData | Charge status: 3
1371969325,INFO,powerData | DPM status: 0
1371970543,INFO,Completed analysis m: 381 t: 0 e: 31
1371970566,INFO,Enabling IridiumMessageSender transmissions
1372019963,INFO,Starting analysis m: 381 t: 0 e: 32
1372020244,WARN,Disabling IridiumMessageSender transmissions
1372021510,INFO,Completed analysis m: 381 t: 0 e: 32
1372021534,INFO,Processing stats m: 381 t: 0 e: 33
1372028471,INFO,Enabling IridiumMessageSender transmissions
1372079458,INFO,Starting collection m: 381 t: 1 at 1649019991.20
1372181407,INFO,Starting analysis m: 381 t: 1 e: 0
1372181688,WARN,Disabling IridiumMessageSender transmissions
1372182738,INFO,Completed analysis m: 381 t: 1 e: 0
1372182763,INFO,Enabling IridiumMessageSender transmissions
1372232574,INFO,Starting analysis m: 381 t: 1 e: 1
1372232896,WARN,Disabling IridiumMessageSender transmissions
1372234192,INFO,Completed analysis m: 381 t: 1 e: 1
1372234217,INFO,Enabling IridiumMessageSender transmissions
1372269129,INFO,powerData | solV: 7.15
1372269152,INFO,powerData | solI: 0.05
1372269172,INFO,powerData | battV: 4.14
1372269193,INFO,powerData | battI: -0.01
1372269213,INFO,powerData | busV: 4.30
1372269236,INFO,powerData | busI: 0.06
1372269260,INFO,powerData | BQ status reg: 180
1372269287,INFO,powerData | Fault reg: 0
1372269307,INFO,powerData | Charge status: 3
1372269328,INFO,powerData | DPM status: 0
1372283719,INFO,Starting analysis m: 381 t: 1 e: 2
1372284000,WARN,Disabling IridiumMessageSender transmissions
1372285304,INFO,Completed analysis m: 381 t: 1 e: 2
1372285329,INFO,Enabling IridiumMessageSender transmissions
1372334862,INFO,Starting analysis m: 381 t: 1 e: 3
1372335149,WARN,Disabling IridiumMessageSender transmissions
1372336390,INFO,Completed analysis m: 381 t: 1 e: 3
1372336418,INFO,Enabling IridiumMessageSender transmissions
1372386013,INFO,Starting analysis m: 381 t: 1 e: 4
1372386295,WARN,Disabling IridiumMessageSender transmissions
1372387545,INFO,Completed analysis m: 381 t: 1 e: 4
1372387569,INFO,Enabling IridiumMessageSender transmissions
1372437164,INFO,Starting analysis m: 381 t: 1 e: 5
1372437446,WARN,Disabling IridiumMessageSender transmissions
1372438757,INFO,Completed analysis m: 381 t: 1 e: 5
1372438781,INFO,Enabling IridiumMessageSender transmissions
1372488327,INFO,Starting analysis m: 381 t: 1 e: 6
1372488607,WARN,Disabling IridiumMessageSender transmissions
1372489859,INFO,Completed analysis m: 381 t: 1 e: 6
1372489883,INFO,Enabling IridiumMessageSender transmissions
1372539473,INFO,Starting analysis m: 381 t: 1 e: 7
1372539756,WARN,Disabling IridiumMessageSender transmissions
1372541059,INFO,Completed analysis m: 381 t: 1 e: 7
1372541083,INFO,Enabling IridiumMessageSender transmissions
1372569139,INFO,powerData | solV: 6.71
1372569165,INFO,powerData | solI: 0.05
1372569186,INFO,powerData | battV: 4.15
1372569206,INFO,powerData | battI: -0.00
1372569227,INFO,powerData | busV: 4.30
1372569247,INFO,powerData | busI: 0.04
1372569270,INFO,powerData | BQ status reg: 180
1372569290,INFO,powerData | Fault reg: 0
1372569311,INFO,powerData | Charge status: 3
1372569333,INFO,powerData | DPM status: 0
1372590630,INFO,Starting analysis m: 381 t: 1 e: 8
1372590913,WARN,Disabling IridiumMessageSender transmissions
1372592160,INFO,Completed analysis m: 381 t: 1 e: 8
1372592189,INFO,Enabling IridiumMessageSender transmissions
1372641769,INFO,Starting analysis m: 381 t: 1 e: 9
1372642050,WARN,Disabling IridiumMessageSender transmissions
1372643639,INFO,Completed analysis m: 381 t: 1 e: 9
1372643663,INFO,Enabling IridiumMessageSender transmissions
1372692928,INFO,Starting analysis m: 381 t: 1 e: 10
1372693215,WARN,Disabling IridiumMessageSender transmissions
1372694579,INFO,Completed analysis m: 381 t: 1 e: 10
1372694603,INFO,Enabling IridiumMessageSender transmissions
1372744095,INFO,Starting analysis m: 381 t: 1 e: 11
1372744380,WARN,Disabling IridiumMessageSender transmissions
1372745680,INFO,Completed analysis m: 381 t: 1 e: 11
1372745707,INFO,Enabling IridiumMessageSender transmissions
1372795226,INFO,Starting analysis m: 381 t: 1 e: 12
1372795514,WARN,Disabling IridiumMessageSender transmissions
1372796764,INFO,Completed analysis m: 381 t: 1 e: 12
1372796788,INFO,Enabling IridiumMessageSender transmissions
1372846379,INFO,Starting analysis m: 381 t: 1 e: 13
1372846659,WARN,Disabling IridiumMessageSender transmissions
1372847915,INFO,Completed analysis m: 381 t: 1 e: 13
1372847941,INFO,Enabling IridiumMessageSender transmissions
1372869150,INFO,powerData | solV: 7.06
1372869173,INFO,powerData | solI: 0.04
1372869193,INFO,powerData | battV: 4.15
1372869216,INFO,powerData | battI: -0.01
1372869236,INFO,powerData | busV: 4.30
1372869257,INFO,powerData | busI: 0.05
1372869279,INFO,powerData | BQ status reg: 180
1372869304,INFO,powerData | Fault reg: 0
1372869324,INFO,powerData | Charge status: 3
1372869345,INFO,powerData | DPM status: 0
1372897531,INFO,Starting analysis m: 381 t: 1 e: 14
1372897818,WARN,Disabling IridiumMessageSender transmissions
1372899065,INFO,Completed analysis m: 381 t: 1 e: 14
1372899090,INFO,Enabling IridiumMessageSender transmissions
1372948680,INFO,Starting analysis m: 381 t: 1 e: 15
1372948963,WARN,Disabling IridiumMessageSender transmissions
1372950276,INFO,Completed analysis m: 381 t: 1 e: 15
1372950304,INFO,Enabling IridiumMessageSender transmissions
1372999835,INFO,Starting analysis m: 381 t: 1 e: 16
1373000122,WARN,Disabling IridiumMessageSender transmissions
1373001373,INFO,Completed analysis m: 381 t: 1 e: 16
1373001398,INFO,Enabling IridiumMessageSender transmissions
1373050996,INFO,Starting analysis m: 381 t: 1 e: 17
1373051279,WARN,Disabling IridiumMessageSender transmissions
1373052575,INFO,Completed analysis m: 381 t: 1 e: 17
1373052602,INFO,Enabling IridiumMessageSender transmissions
1373102145,INFO,Starting analysis m: 381 t: 1 e: 18
1373102434,WARN,Disabling IridiumMessageSender transmissions
1373103628,INFO,Completed analysis m: 381 t: 1 e: 18
1373103656,INFO,Enabling IridiumMessageSender transmissions
1373153300,INFO,Starting analysis m: 381 t: 1 e: 19
1373153583,WARN,Disabling IridiumMessageSender transmissions
1373154932,INFO,Completed analysis m: 381 t: 1 e: 19
1373154957,INFO,Enabling IridiumMessageSender transmissions
1373169154,INFO,powerData | solV: 7.06
1373169182,INFO,powerData | solI: 0.05
1373169207,INFO,powerData | battV: 4.15
1373169229,INFO,powerData | battI: -0.01
1373169250,INFO,powerData | busV: 4.30
1373169270,INFO,powerData | busI: 0.06
1373169293,INFO,powerData | BQ status reg: 180
1373169313,INFO,powerData | Fault reg: 0
1373169336,INFO,powerData | Charge status: 3
1373169356,INFO,powerData | DPM status: 0
1373204441,INFO,Starting analysis m: 381 t: 1 e: 20
1373204760,WARN,Disabling IridiumMessageSender transmissions
1373206087,INFO,Completed analysis m: 381 t: 1 e: 20
1373206112,INFO,Enabling IridiumMessageSender transmissions
1373255591,INFO,Starting analysis m: 381 t: 1 e: 21
1373255878,WARN,Disabling IridiumMessageSender transmissions
1373257129,INFO,Completed analysis m: 381 t: 1 e: 21
1373257154,INFO,Enabling IridiumMessageSender transmissions
1373306744,INFO,Starting analysis m: 381 t: 1 e: 22
1373307027,WARN,Disabling IridiumMessageSender transmissions
1373308280,INFO,Completed analysis m: 381 t: 1 e: 22
1373308311,INFO,Enabling IridiumMessageSender transmissions
1373357899,INFO,Starting analysis m: 381 t: 1 e: 23
1373358186,WARN,Disabling IridiumMessageSender transmissions
1373359439,INFO,Completed analysis m: 381 t: 1 e: 23
1373359464,INFO,Enabling IridiumMessageSender transmissions
1373409054,INFO,Starting analysis m: 381 t: 1 e: 24
1373409337,WARN,Disabling IridiumMessageSender transmissions
1373410650,INFO,Completed analysis m: 381 t: 1 e: 24
1373410676,INFO,Enabling IridiumMessageSender transmissions
1373460201,INFO,Starting analysis m: 381 t: 1 e: 25
1373460482,WARN,Disabling IridiumMessageSender transmissions
1373461792,INFO,Completed analysis m: 381 t: 1 e: 25
1373461817,INFO,Enabling IridiumMessageSender transmissions
1373469159,INFO,powerData | solV: 7.06
1373469181,INFO,powerData | solI: 0.05
1373469204,INFO,powerData | battV: 4.15
1373469227,INFO,powerData | battI: -0.01
1373469247,INFO,powerData | busV: 4.30
1373469267,INFO,powerData | busI: 0.05
1373469290,INFO,powerData | BQ status reg: 180
1373469321,INFO,powerData | Fault reg: 0
1373469343,INFO,powerData | Charge status: 3
1373469364,INFO,powerData | DPM status: 0
1373511356,INFO,Starting analysis m: 381 t: 1 e: 26
1373511643,WARN,Disabling IridiumMessageSender transmissions
1373512943,INFO,Completed analysis m: 381 t: 1 e: 26
1373512968,INFO,Enabling IridiumMessageSender transmissions
1373562501,INFO,Starting analysis m: 381 t: 1 e: 27
1373562783,WARN,Disabling IridiumMessageSender transmissions
1373564094,INFO,Completed analysis m: 381 t: 1 e: 27
1373564121,INFO,Enabling IridiumMessageSender transmissions
1373613666,INFO,Starting analysis m: 381 t: 1 e: 28
1373613955,WARN,Disabling IridiumMessageSender transmissions
1373615290,INFO,Completed analysis m: 381 t: 1 e: 28
1373615314,INFO,Enabling IridiumMessageSender transmissions
1373664806,INFO,Starting analysis m: 381 t: 1 e: 29
1373665087,WARN,Disabling IridiumMessageSender transmissions
1373666445,INFO,Completed analysis m: 381 t: 1 e: 29
1373666469,INFO,Enabling IridiumMessageSender transmissions
1373715961,INFO,Starting analysis m: 381 t: 1 e: 30
1373716242,WARN,Disabling IridiumMessageSender transmissions
1373717639,INFO,Completed analysis m: 381 t: 1 e: 30
1373717663,INFO,Enabling IridiumMessageSender transmissions
1373767112,INFO,Starting analysis m: 381 t: 1 e: 31
1373767399,WARN,Disabling IridiumMessageSender transmissions
1373768642,INFO,Completed analysis m: 381 t: 1 e: 31
1373768667,INFO,Enabling IridiumMessageSender transmissions
1373769168,INFO,powerData | solV: 7.04
1373769191,INFO,powerData | solI: 0.04
1373769211,INFO,powerData | battV: 4.15
1373769232,INFO,powerData | battI: -0.01
1373769252,INFO,powerData | busV: 4.30
1373769275,INFO,powerData | busI: 0.04
1373769295,INFO,powerData | BQ status reg: 132
1373769316,INFO,powerData | Fault reg: 4
1373769336,INFO,powerData | Charge status: 0
1373769357,INFO,powerData | DPM status: 0
1373818273,INFO,Starting analysis m: 381 t: 1 e: 32
1373818556,WARN,Disabling IridiumMessageSender transmissions
1373819858,INFO,Completed analysis m: 381 t: 1 e: 32
1373819883,INFO,Processing stats m: 381 t: 1 e: 33
1373826801,INFO,Finished collection for m: 381 in 1749
1373826826,INFO,Submitting 48 byte / 378 bit message: 
1373826881,DEBUG,m 251 sub to Q at i 0 count: 251
1373826906,DEBUG,1 msgs in Q
1373826953,INFO,Enabling IridiumMessageSender transmissions
1373826990,DEBUG,Sending Q index: 0 id: 251
1373851852,INFO,Send complete: Q index: 0 count_id 251
1373877757,INFO,Starting collection m: 382 t: 0 at 1649021791.20
1373896599,INFO,Submitting 19 byte / 150 bit SMC message: 
1373896642,DEBUG,m 252 sub to Q at i 0 count: 252
1373896667,DEBUG,1 msgs in Q
1373896822,DEBUG,Sending Q index: 0 id: 252
1373908813,INFO,Send complete: Q index: 0 count_id 252
1373979719,INFO,Starting analysis m: 382 t: 0 e: 0
1373980008,WARN,Disabling IridiumMessageSender transmissions
1373981069,INFO,Completed analysis m: 382 t: 0 e: 0
1373981093,INFO,Enabling IridiumMessageSender transmissions
1374030868,INFO,Starting analysis m: 382 t: 0 e: 1
1374031151,WARN,Disabling IridiumMessageSender transmissions
1374032412,INFO,Completed analysis m: 382 t: 0 e: 1
1374032437,INFO,Enabling IridiumMessageSender transmissions
1374069172,INFO,powerData | solV: 7.02
1374069194,INFO,powerData | solI: 0.05
1374069215,INFO,powerData | battV: 4.15
1374069237,INFO,powerData | battI: -0.01
1374069258,INFO,powerData | busV: 4.30
1374069278,INFO,powerData | busI: 0.06
1374069301,INFO,powerData | BQ status reg: 132
1374069325,INFO,powerData | Fault reg: 4
1374069346,INFO,powerData | Charge status: 0
1374069368,INFO,powerData | DPM status: 0
1374082015,INFO,Starting analysis m: 382 t: 0 e: 2
1374082301,WARN,Disabling IridiumMessageSender transmissions
1374083559,INFO,Completed analysis m: 382 t: 0 e: 2
1374083584,INFO,Enabling IridiumMessageSender transmissions
1374133180,INFO,Starting analysis m: 382 t: 0 e: 3
1374133460,WARN,Disabling IridiumMessageSender transmissions
1374134763,INFO,Completed analysis m: 382 t: 0 e: 3
1374134792,INFO,Enabling IridiumMessageSender transmissions
1374184333,INFO,Starting analysis m: 382 t: 0 e: 4
1374184620,WARN,Disabling IridiumMessageSender transmissions
1374185918,INFO,Completed analysis m: 382 t: 0 e: 4
1374185943,INFO,Enabling IridiumMessageSender transmissions
1374235486,INFO,Starting analysis m: 382 t: 0 e: 5
1374235766,WARN,Disabling IridiumMessageSender transmissions
1374237110,INFO,Completed analysis m: 382 t: 0 e: 5
1374237134,INFO,Enabling IridiumMessageSender transmissions
1374286628,INFO,Starting analysis m: 382 t: 0 e: 6
1374286954,WARN,Disabling IridiumMessageSender transmissions
1374288261,INFO,Completed analysis m: 382 t: 0 e: 6
1374288285,INFO,Enabling IridiumMessageSender transmissions
1374337779,INFO,Starting analysis m: 382 t: 0 e: 7
1374338062,WARN,Disabling IridiumMessageSender transmissions
1374339313,INFO,Completed analysis m: 382 t: 0 e: 7
1374339340,INFO,Enabling IridiumMessageSender transmissions
1374369185,INFO,powerData | solV: 7.03
1374369212,INFO,powerData | solI: 0.04
1374369232,INFO,powerData | battV: 4.15
1374369255,INFO,powerData | battI: -0.01
1374369280,INFO,powerData | busV: 4.30
1374369304,INFO,powerData | busI: 0.05
1374369327,INFO,powerData | BQ status reg: 132
1374369349,INFO,powerData | Fault reg: 4
1374369370,INFO,powerData | Charge status: 0
1374369392,INFO,powerData | DPM status: 0
1374388932,INFO,Starting analysis m: 382 t: 0 e: 8
1374389215,WARN,Disabling IridiumMessageSender transmissions
1374390474,INFO,Completed analysis m: 382 t: 0 e: 8
1374390495,INFO,Enabling IridiumMessageSender transmissions
1374440091,INFO,Starting analysis m: 382 t: 0 e: 9
1374440374,WARN,Disabling IridiumMessageSender transmissions
1374441918,INFO,Completed analysis m: 382 t: 0 e: 9
1374441943,INFO,Enabling IridiumMessageSender transmissions
1374491250,INFO,Starting analysis m: 382 t: 0 e: 10
1374491533,WARN,Disabling IridiumMessageSender transmissions
1374492835,INFO,Completed analysis m: 382 t: 0 e: 10
1374492860,INFO,Enabling IridiumMessageSender transmissions
1374542651,INFO,Starting analysis m: 382 t: 0 e: 11
1374543147,WARN,Disabling IridiumMessageSender transmissions
1374544429,INFO,Completed analysis m: 382 t: 0 e: 11
1374544453,INFO,Enabling IridiumMessageSender transmissions
1374593558,INFO,Starting analysis m: 382 t: 0 e: 12
1374593839,WARN,Disabling IridiumMessageSender transmissions
1374595145,INFO,Completed analysis m: 382 t: 0 e: 12
1374595170,INFO,Enabling IridiumMessageSender transmissions
1374644697,INFO,Starting analysis m: 382 t: 0 e: 13
1374644977,WARN,Disabling IridiumMessageSender transmissions
1374646233,INFO,Completed analysis m: 382 t: 0 e: 13
1374646257,INFO,Enabling IridiumMessageSender transmissions
1374669191,INFO,powerData | solV: 7.05
1374669213,INFO,powerData | solI: 0.05
1374669234,INFO,powerData | battV: 4.15
1374669256,INFO,powerData | battI: -0.01
1374669277,INFO,powerData | busV: 4.30
1374669297,INFO,powerData | busI: 0.05
1374669320,INFO,powerData | BQ status reg: 132
1374669344,INFO,powerData | Fault reg: 4
1374669367,INFO,powerData | Charge status: 0
1374669389,INFO,powerData | DPM status: 0
1374695852,INFO,Starting analysis m: 382 t: 0 e: 14
1374696134,WARN,Disabling IridiumMessageSender transmissions
1374697474,INFO,Completed analysis m: 382 t: 0 e: 14
1374697498,INFO,Enabling IridiumMessageSender transmissions
1374747000,INFO,Starting analysis m: 382 t: 0 e: 15
1374747320,WARN,Disabling IridiumMessageSender transmissions
1374748626,INFO,Completed analysis m: 382 t: 0 e: 15
1374748655,INFO,Enabling IridiumMessageSender transmissions
1374798157,INFO,Starting analysis m: 382 t: 0 e: 16
1374798448,WARN,Disabling IridiumMessageSender transmissions
1374799702,INFO,Completed analysis m: 382 t: 0 e: 16
1374799726,INFO,Enabling IridiumMessageSender transmissions
1374849310,INFO,Starting analysis m: 382 t: 0 e: 17
1374849591,WARN,Disabling IridiumMessageSender transmissions
1374850844,INFO,Completed analysis m: 382 t: 0 e: 17
1374850871,INFO,Enabling IridiumMessageSender transmissions
1374900473,INFO,Starting analysis m: 382 t: 0 e: 18
1374900760,WARN,Disabling IridiumMessageSender transmissions
1374901954,INFO,Completed analysis m: 382 t: 0 e: 18
1374901983,INFO,Enabling IridiumMessageSender transmissions
1374951628,INFO,Starting analysis m: 382 t: 0 e: 19
1374951911,WARN,Disabling IridiumMessageSender transmissions
1374953213,INFO,Completed analysis m: 382 t: 0 e: 19
1374953238,INFO,Enabling IridiumMessageSender transmissions
1374969194,INFO,powerData | solV: 6.93
1374969221,INFO,powerData | solI: 0.04
1374969241,INFO,powerData | battV: 4.15
1374969262,INFO,powerData | battI: -0.01
1374969284,INFO,powerData | busV: 4.30
1374969305,INFO,powerData | busI: 0.05
1374969325,INFO,powerData | BQ status reg: 132
1374969348,INFO,powerData | Fault reg: 4
1374969368,INFO,powerData | Charge status: 0
1374969389,INFO,powerData | DPM status: 0
1375002779,INFO,Starting analysis m: 382 t: 0 e: 20
1375003060,WARN,Disabling IridiumMessageSender transmissions
1375004364,INFO,Completed analysis m: 382 t: 0 e: 20
1375004389,INFO,Enabling IridiumMessageSender transmissions
1375053924,INFO,Starting analysis m: 382 t: 0 e: 21
1375054206,WARN,Disabling IridiumMessageSender transmissions
1375055454,INFO,Completed analysis m: 382 t: 0 e: 21
1375055478,INFO,Enabling IridiumMessageSender transmissions
1375105075,INFO,Starting analysis m: 382 t: 0 e: 22
1375105357,WARN,Disabling IridiumMessageSender transmissions
1375106611,INFO,Completed analysis m: 382 t: 0 e: 22
1375106641,INFO,Enabling IridiumMessageSender transmissions
1375156238,INFO,Starting analysis m: 382 t: 0 e: 23
1375156518,WARN,Disabling IridiumMessageSender transmissions
1375157850,INFO,Completed analysis m: 382 t: 0 e: 23
1375157876,INFO,Enabling IridiumMessageSender transmissions
1375207397,INFO,Starting analysis m: 382 t: 0 e: 24
1375207714,WARN,Disabling IridiumMessageSender transmissions
1375209019,INFO,Completed analysis m: 382 t: 0 e: 24
1375209043,INFO,Enabling IridiumMessageSender transmissions
1375258535,INFO,Starting analysis m: 382 t: 0 e: 25
1375258822,WARN,Disabling IridiumMessageSender transmissions
1375260073,INFO,Completed analysis m: 382 t: 0 e: 25
1375260098,INFO,Enabling IridiumMessageSender transmissions
1375269201,INFO,powerData | solV: 7.10
1375269224,INFO,powerData | solI: 0.05
1375269249,INFO,powerData | battV: 4.15
1375269273,INFO,powerData | battI: -0.01
1375269294,INFO,powerData | busV: 4.30
1375269316,INFO,powerData | busI: 0.06
1375269337,INFO,powerData | BQ status reg: 132
1375269361,INFO,powerData | Fault reg: 6
1375269384,INFO,powerData | Charge status: 0
1375269404,INFO,powerData | DPM status: 0
1375309684,INFO,Starting analysis m: 382 t: 0 e: 26
1375309969,WARN,Disabling IridiumMessageSender transmissions
1375311224,INFO,Completed analysis m: 382 t: 0 e: 26
1375311249,INFO,Enabling IridiumMessageSender transmissions
1375360841,INFO,Starting analysis m: 382 t: 0 e: 27
1375361122,WARN,Disabling IridiumMessageSender transmissions
1375362445,INFO,Completed analysis m: 382 t: 0 e: 27
1375362469,INFO,Enabling IridiumMessageSender transmissions
1375411998,INFO,Starting analysis m: 382 t: 0 e: 28
1375412287,WARN,Disabling IridiumMessageSender transmissions
1375413585,INFO,Completed analysis m: 382 t: 0 e: 28
1375413610,INFO,Enabling IridiumMessageSender transmissions
1375463157,INFO,Starting analysis m: 382 t: 0 e: 29
1375463440,WARN,Disabling IridiumMessageSender transmissions
1375464736,INFO,Completed analysis m: 382 t: 0 e: 29
1375464765,INFO,Enabling IridiumMessageSender transmissions
1375514300,INFO,Starting analysis m: 382 t: 0 e: 30
1375514583,WARN,Disabling IridiumMessageSender transmissions
1375515961,INFO,Completed analysis m: 382 t: 0 e: 30
1375515985,INFO,Enabling IridiumMessageSender transmissions
1375565451,INFO,Starting analysis m: 382 t: 0 e: 31
1375565740,WARN,Disabling IridiumMessageSender transmissions
1375566995,INFO,Completed analysis m: 382 t: 0 e: 31
1375567020,INFO,Enabling IridiumMessageSender transmissions
1375569211,INFO,powerData | solV: 7.10
1375569233,INFO,powerData | solI: 0.04
1375569254,INFO,powerData | battV: 4.15
1375569276,INFO,powerData | battI: -0.01
1375569297,INFO,powerData | busV: 4.30
1375569317,INFO,powerData | busI: 0.04
1375569338,INFO,powerData | BQ status reg: 132
1375569362,INFO,powerData | Fault reg: 6
1375569387,INFO,powerData | Charge status: 0
1375569410,INFO,powerData | DPM status: 0
1375616606,INFO,Starting analysis m: 382 t: 0 e: 32
1375616886,WARN,Disabling IridiumMessageSender transmissions
1375618236,INFO,Completed analysis m: 382 t: 0 e: 32
1375618260,INFO,Processing stats m: 382 t: 0 e: 33
1375624351,INFO,Enabling IridiumMessageSender transmissions
1375676102,INFO,Starting collection m: 382 t: 1 at 1649023591.20
1375778066,INFO,Starting analysis m: 382 t: 1 e: 0
1375778394,WARN,Disabling IridiumMessageSender transmissions
1375779448,INFO,Completed analysis m: 382 t: 1 e: 0
1375779473,INFO,Enabling IridiumMessageSender transmissions
1375829221,INFO,Starting analysis m: 382 t: 1 e: 1
1375829506,WARN,Disabling IridiumMessageSender transmissions
1375830802,INFO,Completed analysis m: 382 t: 1 e: 1
1375830827,INFO,Enabling IridiumMessageSender transmissions
1375869218,INFO,powerData | solV: 7.12
1375869241,INFO,powerData | solI: 0.04
1375869261,INFO,powerData | battV: 4.14
1375869284,INFO,powerData | battI: -0.01
1375869304,INFO,powerData | busV: 4.30
1375869325,INFO,powerData | busI: 0.04
1375869347,INFO,powerData | BQ status reg: 132
1375869368,INFO,powerData | Fault reg: 6
1375869394,INFO,powerData | Charge status: 0
1375869415,INFO,powerData | DPM status: 0
1375880374,INFO,Starting analysis m: 382 t: 1 e: 2
1375880656,WARN,Disabling IridiumMessageSender transmissions
1375881959,INFO,Completed analysis m: 382 t: 1 e: 2
1375881984,INFO,Enabling IridiumMessageSender transmissions
1375931525,INFO,Starting analysis m: 382 t: 1 e: 3
1375931807,WARN,Disabling IridiumMessageSender transmissions
1375933110,INFO,Completed analysis m: 382 t: 1 e: 3
1375933138,INFO,Enabling IridiumMessageSender transmissions
1375940083,INFO,Max CNO changed from 47 to 43
1375980038,INFO,Max CNO changed from 43 to 46
1375982671,INFO,Starting analysis m: 382 t: 1 e: 4
1375982952,WARN,Disabling IridiumMessageSender transmissions
1375984201,INFO,Completed analysis m: 382 t: 1 e: 4
1375984226,INFO,Enabling IridiumMessageSender transmissions
1376033835,INFO,Starting analysis m: 382 t: 1 e: 5
1376034115,WARN,Disabling IridiumMessageSender transmissions
1376035414,INFO,Completed analysis m: 382 t: 1 e: 5
1376035442,INFO,Enabling IridiumMessageSender transmissions
1376084975,INFO,Starting analysis m: 382 t: 1 e: 6
1376085256,WARN,Disabling IridiumMessageSender transmissions
1376086505,INFO,Completed analysis m: 382 t: 1 e: 6
1376086532,INFO,Enabling IridiumMessageSender transmissions
1376136132,INFO,Starting analysis m: 382 t: 1 e: 7
1376136419,WARN,Disabling IridiumMessageSender transmissions
1376137672,INFO,Completed analysis m: 382 t: 1 e: 7
1376137697,INFO,Enabling IridiumMessageSender transmissions
1376169220,INFO,powerData | solV: 7.12
1376169244,INFO,powerData | solI: 0.05
1376169265,INFO,powerData | battV: 4.14
1376169289,INFO,powerData | battI: -0.01
1376169310,INFO,powerData | busV: 4.30
1376169330,INFO,powerData | busI: 0.05
1376169351,INFO,powerData | BQ status reg: 132
1376169371,INFO,powerData | Fault reg: 6
1376169392,INFO,powerData | Charge status: 0
1376169414,INFO,powerData | DPM status: 0
1376187291,INFO,Starting analysis m: 382 t: 1 e: 8
1376187576,WARN,Disabling IridiumMessageSender transmissions
1376188915,INFO,Completed analysis m: 382 t: 1 e: 8
1376188942,INFO,Enabling IridiumMessageSender transmissions
1376238436,INFO,Starting analysis m: 382 t: 1 e: 9
1376238723,WARN,Disabling IridiumMessageSender transmissions
1376240203,INFO,Completed analysis m: 382 t: 1 e: 9
1376240228,INFO,Enabling IridiumMessageSender transmissions
1376289593,INFO,Starting analysis m: 382 t: 1 e: 10
1376289880,WARN,Disabling IridiumMessageSender transmissions
1376291182,INFO,Completed analysis m: 382 t: 1 e: 10
1376291207,INFO,Enabling IridiumMessageSender transmissions
1376340740,INFO,Starting analysis m: 382 t: 1 e: 11
1376341028,WARN,Disabling IridiumMessageSender transmissions
1376342267,INFO,Completed analysis m: 382 t: 1 e: 11
1376342294,INFO,Enabling IridiumMessageSender transmissions
1376391897,INFO,Starting analysis m: 382 t: 1 e: 12
1376392177,WARN,Disabling IridiumMessageSender transmissions
1376393433,INFO,Completed analysis m: 382 t: 1 e: 12
1376393461,INFO,Enabling IridiumMessageSender transmissions
1376443052,INFO,Starting analysis m: 382 t: 1 e: 13
1376443340,WARN,Disabling IridiumMessageSender transmissions
1376444588,INFO,Completed analysis m: 382 t: 1 e: 13
1376444612,INFO,Enabling IridiumMessageSender transmissions
1376469225,INFO,powerData | solV: 7.06
1376469248,INFO,powerData | solI: 0.04
1376469268,INFO,powerData | battV: 4.14
1376469288,INFO,powerData | battI: -0.01
1376469309,INFO,powerData | busV: 4.30
1376469336,INFO,powerData | busI: 0.05
1376469360,INFO,powerData | BQ status reg: 132
1376469385,INFO,powerData | Fault reg: 6
1376469405,INFO,powerData | Charge status: 0
1376469426,INFO,powerData | DPM status: 0
1376494206,INFO,Starting analysis m: 382 t: 1 e: 14
1376494487,WARN,Disabling IridiumMessageSender transmissions
1376495798,INFO,Completed analysis m: 382 t: 1 e: 14
1376495822,INFO,Enabling IridiumMessageSender transmissions
1376545357,INFO,Starting analysis m: 382 t: 1 e: 15
1376545638,WARN,Disabling IridiumMessageSender transmissions
1376546895,INFO,Completed analysis m: 382 t: 1 e: 15
1376546920,INFO,Enabling IridiumMessageSender transmissions
1376596508,INFO,Starting analysis m: 382 t: 1 e: 16
1376596795,WARN,Disabling IridiumMessageSender transmissions
1376598044,INFO,Completed analysis m: 382 t: 1 e: 16
1376598069,INFO,Enabling IridiumMessageSender transmissions
1376647661,INFO,Starting analysis m: 382 t: 1 e: 17
1376647944,WARN,Disabling IridiumMessageSender transmissions
1376649211,INFO,Completed analysis m: 382 t: 1 e: 17
1376649236,INFO,Enabling IridiumMessageSender transmissions
1376698816,INFO,Starting analysis m: 382 t: 1 e: 18
1376699103,WARN,Disabling IridiumMessageSender transmissions
1376700475,INFO,Completed analysis m: 382 t: 1 e: 18
1376700499,INFO,Enabling IridiumMessageSender transmissions
1376749969,INFO,Starting analysis m: 382 t: 1 e: 19
1376750290,WARN,Disabling IridiumMessageSender transmissions
1376751609,INFO,Completed analysis m: 382 t: 1 e: 19
1376751638,INFO,Enabling IridiumMessageSender transmissions
1376769234,INFO,powerData | solV: 7.03
1376769257,INFO,powerData | solI: 0.05
1376769280,INFO,powerData | battV: 4.14
1376769300,INFO,powerData | battI: -0.01
1376769320,INFO,powerData | busV: 4.30
1376769343,INFO,powerData | busI: 0.06
1376769363,INFO,powerData | BQ status reg: 132
1376769386,INFO,powerData | Fault reg: 6
1376769406,INFO,powerData | Charge status: 0
1376769429,INFO,powerData | DPM status: 0
1376801124,INFO,Starting analysis m: 382 t: 1 e: 20
1376801411,WARN,Disabling IridiumMessageSender transmissions
1376802725,INFO,Completed analysis m: 382 t: 1 e: 20
1376802750,INFO,Enabling IridiumMessageSender transmissions
1376852277,INFO,Starting analysis m: 382 t: 1 e: 21
1376852557,WARN,Disabling IridiumMessageSender transmissions
1376853803,INFO,Completed analysis m: 382 t: 1 e: 21
1376853829,INFO,Enabling IridiumMessageSender transmissions
1376903430,INFO,Starting analysis m: 382 t: 1 e: 22
1376903712,WARN,Disabling IridiumMessageSender transmissions
1376905019,INFO,Completed analysis m: 382 t: 1 e: 22
1376905046,INFO,Enabling IridiumMessageSender transmissions
1376939163,INFO,Max CNO changed from 46 to 43
1376954583,INFO,Starting analysis m: 382 t: 1 e: 23
1376954867,WARN,Disabling IridiumMessageSender transmissions
1376956102,INFO,Completed analysis m: 382 t: 1 e: 23
1376956131,INFO,Enabling IridiumMessageSender transmissions
1376999106,INFO,Max CNO changed from 43 to 47
1377005742,INFO,Starting analysis m: 382 t: 1 e: 24
1377006028,WARN,Disabling IridiumMessageSender transmissions
1377007337,INFO,Completed analysis m: 382 t: 1 e: 24
1377007362,INFO,Enabling IridiumMessageSender transmissions
1377056899,INFO,Starting analysis m: 382 t: 1 e: 25
1377057187,WARN,Disabling IridiumMessageSender transmissions
1377058480,INFO,Completed analysis m: 382 t: 1 e: 25
1377058504,INFO,Enabling IridiumMessageSender transmissions
1377069260,INFO,powerData | solV: 7.10
1377069283,INFO,powerData | solI: 0.05
1377069303,INFO,powerData | battV: 4.14
1377069328,INFO,powerData | battI: -0.01
1377069350,INFO,powerData | busV: 4.30
1377069371,INFO,powerData | busI: 0.05
1377069395,INFO,powerData | BQ status reg: 132
1377069416,INFO,powerData | Fault reg: 6
1377069436,INFO,powerData | Charge status: 0
1377069459,INFO,powerData | DPM status: 0
1377108039,INFO,Starting analysis m: 382 t: 1 e: 26
1377108322,WARN,Disabling IridiumMessageSender transmissions
1377109577,INFO,Completed analysis m: 382 t: 1 e: 26
1377109602,INFO,Enabling IridiumMessageSender transmissions
1377159194,INFO,Starting analysis m: 382 t: 1 e: 27
1377159483,WARN,Disabling IridiumMessageSender transmissions
1377160830,INFO,Completed analysis m: 382 t: 1 e: 27
1377160857,INFO,Enabling IridiumMessageSender transmissions
1377210349,INFO,Starting analysis m: 382 t: 1 e: 28
1377210669,WARN,Disabling IridiumMessageSender transmissions
1377211979,INFO,Completed analysis m: 382 t: 1 e: 28
1377212006,INFO,Enabling IridiumMessageSender transmissions
1377261504,INFO,Starting analysis m: 382 t: 1 e: 29
1377261791,WARN,Disabling IridiumMessageSender transmissions
1377263095,INFO,Completed analysis m: 382 t: 1 e: 29
1377263120,INFO,Enabling IridiumMessageSender transmissions
1377278849,INFO,Max CNO changed from 47 to 44
1377312655,INFO,Starting analysis m: 382 t: 1 e: 30
1377313038,WARN,Disabling IridiumMessageSender transmissions
1377314330,INFO,Completed analysis m: 382 t: 1 e: 30
1377314355,INFO,Enabling IridiumMessageSender transmissions
1377363802,INFO,Starting analysis m: 382 t: 1 e: 31
1377364088,WARN,Disabling IridiumMessageSender transmissions
1377365346,INFO,Completed analysis m: 382 t: 1 e: 31
1377365370,INFO,Enabling IridiumMessageSender transmissions
1377369268,INFO,powerData | solV: 6.55
1377369290,INFO,powerData | solI: 0.05
1377369315,INFO,powerData | battV: 4.14
1377369339,INFO,powerData | battI: -0.01
1377369362,INFO,powerData | busV: 4.29
1377369382,INFO,powerData | busI: 0.05
1377369405,INFO,powerData | BQ status reg: 132
1377369430,INFO,powerData | Fault reg: 6
1377369452,INFO,powerData | Charge status: 0
1377369473,INFO,powerData | DPM status: 0
1377378752,INFO,Max CNO changed from 44 to 47
1377414969,INFO,Starting analysis m: 382 t: 1 e: 32
1377415258,WARN,Disabling IridiumMessageSender transmissions
1377416556,INFO,Completed analysis m: 382 t: 1 e: 32
1377416581,INFO,Processing stats m: 382 t: 1 e: 33
1377422739,INFO,Finished collection for m: 382 in 1748
1377422764,INFO,Submitting 48 byte / 378 bit message: 
1377422823,DEBUG,m 253 sub to Q at i 0 count: 253
1377422848,DEBUG,1 msgs in Q
1377422901,INFO,Enabling IridiumMessageSender transmissions
1377422936,DEBUG,Sending Q index: 0 id: 253
1377432401,INFO,Send complete: Q index: 0 count_id 253
1377474449,INFO,Starting collection m: 383 t: 0 at 1649025391.20
1377493241,INFO,Submitting 19 byte / 150 bit SMC message: 
1377493286,DEBUG,m 254 sub to Q at i 0 count: 254
1377493311,DEBUG,1 msgs in Q
1377493481,DEBUG,Sending Q index: 0 id: 254
1377498648,INFO,Max CNO changed from 47 to 44
1377503913,INFO,Send complete: Q index: 0 count_id 254
1377576417,INFO,Starting analysis m: 383 t: 0 e: 0
1377576697,WARN,Disabling IridiumMessageSender transmissions
1377577756,INFO,Completed analysis m: 383 t: 0 e: 0
1377577781,INFO,Enabling IridiumMessageSender transmissions
1377578579,INFO,Max CNO changed from 44 to 47
1377627570,INFO,Starting analysis m: 383 t: 0 e: 1
1377627856,WARN,Disabling IridiumMessageSender transmissions
1377629153,INFO,Completed analysis m: 383 t: 0 e: 1
1377629181,INFO,Enabling IridiumMessageSender transmissions
1377669273,INFO,powerData | solV: 6.61
1377669296,INFO,powerData | solI: 0.05
1377669316,INFO,powerData | battV: 4.14
1377669339,INFO,powerData | battI: -0.01
1377669359,INFO,powerData | busV: 4.29
1377669382,INFO,powerData | busI: 0.06
1377669404,INFO,powerData | BQ status reg: 132
1377669427,INFO,powerData | Fault reg: 6
1377669451,INFO,powerData | Charge status: 0
1377669474,INFO,powerData | DPM status: 0
1377678714,INFO,Starting analysis m: 383 t: 0 e: 2
1377678999,WARN,Disabling IridiumMessageSender transmissions
1377680304,INFO,Completed analysis m: 383 t: 0 e: 2
1377680328,INFO,Enabling IridiumMessageSender transmissions
1377729867,INFO,Starting analysis m: 383 t: 0 e: 3
1377730154,WARN,Disabling IridiumMessageSender transmissions
1377731491,INFO,Completed analysis m: 383 t: 0 e: 3
1377731516,INFO,Enabling IridiumMessageSender transmissions
1377781026,INFO,Starting analysis m: 383 t: 0 e: 4
1377781346,WARN,Disabling IridiumMessageSender transmissions
1377782808,INFO,Completed analysis m: 383 t: 0 e: 4
1377782833,INFO,Enabling IridiumMessageSender transmissions
1377832181,INFO,Starting analysis m: 383 t: 0 e: 5
1377832462,WARN,Disabling IridiumMessageSender transmissions
1377833766,INFO,Completed analysis m: 383 t: 0 e: 5
1377833791,INFO,Enabling IridiumMessageSender transmissions
1377883330,INFO,Starting analysis m: 383 t: 0 e: 6
1377883629,WARN,Disabling IridiumMessageSender transmissions
1377884917,INFO,Completed analysis m: 383 t: 0 e: 6
1377884946,INFO,Enabling IridiumMessageSender transmissions
1377934477,INFO,Starting analysis m: 383 t: 0 e: 7
1377934759,WARN,Disabling IridiumMessageSender transmissions
1377936011,INFO,Completed analysis m: 383 t: 0 e: 7
1377936035,INFO,Enabling IridiumMessageSender transmissions
1377969276,INFO,powerData | solV: 6.59
1377969299,INFO,powerData | solI: 0.05
1377969321,INFO,powerData | battV: 4.14
1377969342,INFO,powerData | battI: -0.01
1377969364,INFO,powerData | busV: 4.28
1377969389,INFO,powerData | busI: 0.06
1377969412,INFO,powerData | BQ status reg: 132
1377969432,INFO,powerData | Fault reg: 6
1377969455,INFO,powerData | Charge status: 0
1377969475,INFO,powerData | DPM status: 0
1377985628,INFO,Starting analysis m: 383 t: 0 e: 8
1377985908,WARN,Disabling IridiumMessageSender transmissions
1377987170,INFO,Completed analysis m: 383 t: 0 e: 8
1377987194,INFO,Enabling IridiumMessageSender transmissions
1378036781,INFO,Starting analysis m: 383 t: 0 e: 9
1378037073,WARN,Disabling IridiumMessageSender transmissions
1378038614,INFO,Completed analysis m: 383 t: 0 e: 9
1378038638,INFO,Enabling IridiumMessageSender transmissions
1378058133,INFO,Max CNO changed from 47 to 44
1378087931,INFO,Starting analysis m: 383 t: 0 e: 10
1378088212,WARN,Disabling IridiumMessageSender transmissions
1378089525,INFO,Completed analysis m: 383 t: 0 e: 10
1378089551,INFO,Enabling IridiumMessageSender transmissions
1378138062,INFO,Max CNO changed from 44 to 48
1378139095,INFO,Starting analysis m: 383 t: 0 e: 11
1378139383,WARN,Disabling IridiumMessageSender transmissions
1378140678,INFO,Completed analysis m: 383 t: 0 e: 11
1378140700,INFO,Enabling IridiumMessageSender transmissions
1378190237,INFO,Starting analysis m: 383 t: 0 e: 12
1378190518,WARN,Disabling IridiumMessageSender transmissions
1378191857,INFO,Completed analysis m: 383 t: 0 e: 12
1378191880,INFO,Enabling IridiumMessageSender transmissions
1378241396,INFO,Starting analysis m: 383 t: 0 e: 13
1378241689,WARN,Disabling IridiumMessageSender transmissions
1378243035,INFO,Completed analysis m: 383 t: 0 e: 13
1378243059,INFO,Enabling IridiumMessageSender transmissions
1378269280,INFO,powerData | solV: 7.26
1378269306,INFO,powerData | solI: 0.05
1378269327,INFO,powerData | battV: 4.14
1378269347,INFO,powerData | battI: -0.01
1378269368,INFO,powerData | busV: 4.30
1378269390,INFO,powerData | busI: 0.05
1378269411,INFO,powerData | BQ status reg: 132
1378269431,INFO,powerData | Fault reg: 6
1378269456,INFO,powerData | Charge status: 0
1378269476,INFO,powerData | DPM status: 0
1378292555,INFO,Starting analysis m: 383 t: 0 e: 14
1378292842,WARN,Disabling IridiumMessageSender transmissions
1378294140,INFO,Completed analysis m: 383 t: 0 e: 14
1378294165,INFO,Enabling IridiumMessageSender transmissions
1378343702,INFO,Starting analysis m: 383 t: 0 e: 15
1378343983,WARN,Disabling IridiumMessageSender transmissions
1378345289,INFO,Completed analysis m: 383 t: 0 e: 15
1378345314,INFO,Enabling IridiumMessageSender transmissions
1378394851,INFO,Starting analysis m: 383 t: 0 e: 16
1378395140,WARN,Disabling IridiumMessageSender transmissions
1378396442,INFO,Completed analysis m: 383 t: 0 e: 16
1378396467,INFO,Enabling IridiumMessageSender transmissions
1378445991,INFO,Starting analysis m: 383 t: 0 e: 17
1378446272,WARN,Disabling IridiumMessageSender transmissions
1378447519,INFO,Completed analysis m: 383 t: 0 e: 17
1378447548,INFO,Enabling IridiumMessageSender transmissions
1378497142,INFO,Starting analysis m: 383 t: 0 e: 18
1378497435,WARN,Disabling IridiumMessageSender transmissions
1378498629,INFO,Completed analysis m: 383 t: 0 e: 18
1378498656,INFO,Enabling IridiumMessageSender transmissions
1378548307,INFO,Starting analysis m: 383 t: 0 e: 19
1378548590,WARN,Disabling IridiumMessageSender transmissions
1378549891,INFO,Completed analysis m: 383 t: 0 e: 19
1378549915,INFO,Enabling IridiumMessageSender transmissions
1378569281,INFO,powerData | solV: 7.19
1378569304,INFO,powerData | solI: 0.05
1378569328,INFO,powerData | battV: 4.14
1378569351,INFO,powerData | battI: -0.01
1378569371,INFO,powerData | busV: 4.30
1378569394,INFO,powerData | busI: 0.06
1378569418,INFO,powerData | BQ status reg: 132
1378569441,INFO,powerData | Fault reg: 6
1378569461,INFO,powerData | Charge status: 0
1378569482,INFO,powerData | DPM status: 0
1378599454,INFO,Starting analysis m: 383 t: 0 e: 20
1378599735,WARN,Disabling IridiumMessageSender transmissions
1378601041,INFO,Completed analysis m: 383 t: 0 e: 20
1378601070,INFO,Enabling IridiumMessageSender transmissions
1378650603,INFO,Starting analysis m: 383 t: 0 e: 21
1378650890,WARN,Disabling IridiumMessageSender transmissions
1378652135,INFO,Completed analysis m: 383 t: 0 e: 21
1378652160,INFO,Enabling IridiumMessageSender transmissions
1378701752,INFO,Starting analysis m: 383 t: 0 e: 22
1378702034,WARN,Disabling IridiumMessageSender transmissions
1378703382,INFO,Completed analysis m: 383 t: 0 e: 22
1378703407,INFO,Enabling IridiumMessageSender transmissions
1378752935,INFO,Starting analysis m: 383 t: 0 e: 23
1378753243,WARN,Disabling IridiumMessageSender transmissions
1378754531,INFO,Completed analysis m: 383 t: 0 e: 23
1378754555,INFO,Enabling IridiumMessageSender transmissions
1378804068,INFO,Starting analysis m: 383 t: 0 e: 24
1378804350,WARN,Disabling IridiumMessageSender transmissions
1378805649,INFO,Completed analysis m: 383 t: 0 e: 24
1378805673,INFO,Enabling IridiumMessageSender transmissions
1378855211,INFO,Starting analysis m: 383 t: 0 e: 25
1378855495,WARN,Disabling IridiumMessageSender transmissions
1378856802,INFO,Completed analysis m: 383 t: 0 e: 25
1378856826,INFO,Enabling IridiumMessageSender transmissions
1378869282,INFO,powerData | solV: 7.26
1378869305,INFO,powerData | solI: 0.04
1378869325,INFO,powerData | battV: 4.14
1378869346,INFO,powerData | battI: -0.01
1378869366,INFO,powerData | busV: 4.30
1378869389,INFO,powerData | busI: 0.05
1378869409,INFO,powerData | BQ status reg: 132
1378869430,INFO,powerData | Fault reg: 6
1378869454,INFO,powerData | Charge status: 0
1378869475,INFO,powerData | DPM status: 0
1378906361,INFO,Starting analysis m: 383 t: 0 e: 26
1378906648,WARN,Disabling IridiumMessageSender transmissions
1378907895,INFO,Completed analysis m: 383 t: 0 e: 26
1378907922,INFO,Enabling IridiumMessageSender transmissions
1378957512,INFO,Starting analysis m: 383 t: 0 e: 27
1378957793,WARN,Disabling IridiumMessageSender transmissions
1378959106,INFO,Completed analysis m: 383 t: 0 e: 27
1378959128,INFO,Enabling IridiumMessageSender transmissions
1379008661,INFO,Starting analysis m: 383 t: 0 e: 28
1379008948,WARN,Disabling IridiumMessageSender transmissions
1379010199,INFO,Completed analysis m: 383 t: 0 e: 28
1379010224,INFO,Enabling IridiumMessageSender transmissions
1379059814,INFO,Starting analysis m: 383 t: 0 e: 29
1379060094,WARN,Disabling IridiumMessageSender transmissions
1379061352,INFO,Completed analysis m: 383 t: 0 e: 29
1379061377,INFO,Enabling IridiumMessageSender transmissions
1379110971,INFO,Starting analysis m: 383 t: 0 e: 30
1379111348,WARN,Disabling IridiumMessageSender transmissions
1379112642,INFO,Completed analysis m: 383 t: 0 e: 30
1379112667,INFO,Enabling IridiumMessageSender transmissions
1379117137,INFO,Max CNO changed from 48 to 45
1379137122,INFO,Max CNO changed from 45 to 48
1379162126,INFO,Starting analysis m: 383 t: 0 e: 31
1379162406,WARN,Disabling IridiumMessageSender transmissions
1379163752,INFO,Completed analysis m: 383 t: 0 e: 31
1379163777,INFO,Enabling IridiumMessageSender transmissions
1379169308,INFO,powerData | solV: 7.23
1379169331,INFO,powerData | solI: 0.04
1379169353,INFO,powerData | battV: 4.14
1379169374,INFO,powerData | battI: -0.01
1379169394,INFO,powerData | busV: 4.30
1379169415,INFO,powerData | busI: 0.05
1379169435,INFO,powerData | BQ status reg: 132
1379169458,INFO,powerData | Fault reg: 6
1379169478,INFO,powerData | Charge status: 0
1379169499,INFO,powerData | DPM status: 0
1379213268,INFO,Starting analysis m: 383 t: 0 e: 32
1379213602,WARN,Disabling IridiumMessageSender transmissions
1379214901,INFO,Completed analysis m: 383 t: 0 e: 32
1379214925,INFO,Processing stats m: 383 t: 0 e: 33
1379220920,INFO,Enabling IridiumMessageSender transmissions
1379272771,INFO,Starting collection m: 383 t: 1 at 1649027191.20
1379374716,INFO,Starting analysis m: 383 t: 1 e: 0
1379374999,WARN,Disabling IridiumMessageSender transmissions
1379376046,INFO,Completed analysis m: 383 t: 1 e: 0
1379376076,INFO,Enabling IridiumMessageSender transmissions
1379425871,INFO,Starting analysis m: 383 t: 1 e: 1
1379426152,WARN,Disabling IridiumMessageSender transmissions
1379427407,INFO,Completed analysis m: 383 t: 1 e: 1
1379427432,INFO,Enabling IridiumMessageSender transmissions
1379469309,INFO,powerData | solV: 7.17
1379469332,INFO,powerData | solI: 0.05
1379469357,INFO,powerData | battV: 4.14
1379469381,INFO,powerData | battI: -0.01
1379469402,INFO,powerData | busV: 4.30
1379469422,INFO,powerData | busI: 0.06
1379469445,INFO,powerData | BQ status reg: 132
1379469469,INFO,powerData | Fault reg: 6
1379469490,INFO,powerData | Charge status: 0
1379469510,INFO,powerData | DPM status: 0
1379477022,INFO,Starting analysis m: 383 t: 1 e: 2
1379477303,WARN,Disabling IridiumMessageSender transmissions
1379478548,INFO,Completed analysis m: 383 t: 1 e: 2
1379478575,INFO,Enabling IridiumMessageSender transmissions
1379528175,INFO,Starting analysis m: 383 t: 1 e: 3
1379528458,WARN,Disabling IridiumMessageSender transmissions
1379529701,INFO,Completed analysis m: 383 t: 1 e: 3
1379529732,INFO,Enabling IridiumMessageSender transmissions
1379579324,INFO,Starting analysis m: 383 t: 1 e: 4
1379579611,WARN,Disabling IridiumMessageSender transmissions
1379580852,INFO,Completed analysis m: 383 t: 1 e: 4
1379580878,INFO,Enabling IridiumMessageSender transmissions
1379630485,INFO,Starting analysis m: 383 t: 1 e: 5
1379630768,WARN,Disabling IridiumMessageSender transmissions
1379632070,INFO,Completed analysis m: 383 t: 1 e: 5
1379632095,INFO,Enabling IridiumMessageSender transmissions
1379681636,INFO,Starting analysis m: 383 t: 1 e: 6
1379681925,WARN,Disabling IridiumMessageSender transmissions
1379683227,INFO,Completed analysis m: 383 t: 1 e: 6
1379683250,INFO,Enabling IridiumMessageSender transmissions
1379732793,INFO,Starting analysis m: 383 t: 1 e: 7
1379733073,WARN,Disabling IridiumMessageSender transmissions
1379734413,INFO,Completed analysis m: 383 t: 1 e: 7
1379734437,INFO,Enabling IridiumMessageSender transmissions
1379769311,INFO,powerData | solV: 7.20
1379769337,INFO,powerData | solI: 0.04
1379769360,INFO,powerData | battV: 4.14
1379769380,INFO,powerData | battI: -0.01
1379769401,INFO,powerData | busV: 4.30
1379769421,INFO,powerData | busI: 0.05
1379769444,INFO,powerData | BQ status reg: 132
1379769466,INFO,powerData | Fault reg: 6
1379769491,INFO,powerData | Charge status: 0
1379769511,INFO,powerData | DPM status: 0
1379783940,INFO,Starting analysis m: 383 t: 1 e: 8
1379784265,WARN,Disabling IridiumMessageSender transmissions
1379785576,INFO,Completed analysis m: 383 t: 1 e: 8
1379785601,INFO,Enabling IridiumMessageSender transmissions
1379835086,INFO,Starting analysis m: 383 t: 1 e: 9
1379835367,WARN,Disabling IridiumMessageSender transmissions
1379836909,INFO,Completed analysis m: 383 t: 1 e: 9
1379836932,INFO,Enabling IridiumMessageSender transmissions
1379886237,INFO,Starting analysis m: 383 t: 1 e: 10
1379886518,WARN,Disabling IridiumMessageSender transmissions
1379887769,INFO,Completed analysis m: 383 t: 1 e: 10
1379887798,INFO,Enabling IridiumMessageSender transmissions
1379937400,INFO,Starting analysis m: 383 t: 1 e: 11
1379937685,WARN,Disabling IridiumMessageSender transmissions
1379938988,INFO,Completed analysis m: 383 t: 1 e: 11
1379939014,INFO,Enabling IridiumMessageSender transmissions
1379988537,INFO,Starting analysis m: 383 t: 1 e: 12
1379988817,WARN,Disabling IridiumMessageSender transmissions
1379990069,INFO,Completed analysis m: 383 t: 1 e: 12
1379990095,INFO,Enabling IridiumMessageSender transmissions
1380039696,INFO,Starting analysis m: 383 t: 1 e: 13
1380039983,WARN,Disabling IridiumMessageSender transmissions
1380041234,INFO,Completed analysis m: 383 t: 1 e: 13
1380041256,INFO,Enabling IridiumMessageSender transmissions
1380069312,INFO,powerData | solV: 7.22
1380069335,INFO,powerData | solI: 0.05
1380069355,INFO,powerData | battV: 4.14
1380069376,INFO,powerData | battI: -0.01
1380069396,INFO,powerData | busV: 4.29
1380069419,INFO,powerData | busI: 0.06
1380069441,INFO,powerData | BQ status reg: 132
1380069466,INFO,powerData | Fault reg: 4
1380069486,INFO,powerData | Charge status: 0
1380069507,INFO,powerData | DPM status: 0
1380090849,INFO,Starting analysis m: 383 t: 1 e: 14
1380091131,WARN,Disabling IridiumMessageSender transmissions
1380092387,INFO,Completed analysis m: 383 t: 1 e: 14
1380092411,INFO,Enabling IridiumMessageSender transmissions
1380141991,INFO,Starting analysis m: 383 t: 1 e: 15
1380142272,WARN,Disabling IridiumMessageSender transmissions
1380143529,INFO,Completed analysis m: 383 t: 1 e: 15
1380143558,INFO,Enabling IridiumMessageSender transmissions
1380193144,INFO,Starting analysis m: 383 t: 1 e: 16
1380193427,WARN,Disabling IridiumMessageSender transmissions
1380194787,INFO,Completed analysis m: 383 t: 1 e: 16
1380194811,INFO,Enabling IridiumMessageSender transmissions
1380236060,INFO,Max CNO changed from 48 to 45
1380244297,INFO,Starting analysis m: 383 t: 1 e: 17
1380244578,WARN,Disabling IridiumMessageSender transmissions
1380245929,INFO,Completed analysis m: 383 t: 1 e: 17
1380245958,INFO,Enabling IridiumMessageSender transmissions
1380276029,INFO,Max CNO changed from 45 to 48
1380295448,INFO,Starting analysis m: 383 t: 1 e: 18
1380295739,WARN,Disabling IridiumMessageSender transmissions
1380296933,INFO,Completed analysis m: 383 t: 1 e: 18
1380296960,INFO,Enabling IridiumMessageSender transmissions
1380346597,INFO,Starting analysis m: 383 t: 1 e: 19
1380346880,WARN,Disabling IridiumMessageSender transmissions
1380348133,INFO,Completed analysis m: 383 t: 1 e: 19
1380348162,INFO,Enabling IridiumMessageSender transmissions
1380369313,INFO,powerData | solV: 7.23
1380369336,INFO,powerData | solI: 0.04
1380369356,INFO,powerData | battV: 4.14
1380369379,INFO,powerData | battI: -0.01
1380369399,INFO,powerData | busV: 4.30
1380369420,INFO,powerData | busI: 0.04
1380369440,INFO,powerData | BQ status reg: 132
1380369461,INFO,powerData | Fault reg: 4
1380369481,INFO,powerData | Charge status: 0
1380369504,INFO,powerData | DPM status: 0
1380397754,INFO,Starting analysis m: 383 t: 1 e: 20
1380398043,WARN,Disabling IridiumMessageSender transmissions
1380399294,INFO,Completed analysis m: 383 t: 1 e: 20
1380399319,INFO,Enabling IridiumMessageSender transmissions
1380448903,INFO,Starting analysis m: 383 t: 1 e: 21
1380449183,WARN,Disabling IridiumMessageSender transmissions
1380450494,INFO,Completed analysis m: 383 t: 1 e: 21
1380450516,INFO,Enabling IridiumMessageSender transmissions
1380500058,INFO,Starting analysis m: 383 t: 1 e: 22
1380500348,WARN,Disabling IridiumMessageSender transmissions
1380501598,INFO,Completed analysis m: 383 t: 1 e: 22
1380501622,INFO,Enabling IridiumMessageSender transmissions
1380551204,INFO,Starting analysis m: 383 t: 1 e: 23
1380551485,WARN,Disabling IridiumMessageSender transmissions
1380552738,INFO,Completed analysis m: 383 t: 1 e: 23
1380552763,INFO,Enabling IridiumMessageSender transmissions
1380602363,INFO,Starting analysis m: 383 t: 1 e: 24
1380602650,WARN,Disabling IridiumMessageSender transmissions
1380603953,INFO,Completed analysis m: 383 t: 1 e: 24
1380603977,INFO,Enabling IridiumMessageSender transmissions
1380653518,INFO,Starting analysis m: 383 t: 1 e: 25
1380653801,WARN,Disabling IridiumMessageSender transmissions
1380655099,INFO,Completed analysis m: 383 t: 1 e: 25
1380655124,INFO,Enabling IridiumMessageSender transmissions
1380669323,INFO,powerData | solV: 7.15
1380669345,INFO,powerData | solI: 0.05
1380669366,INFO,powerData | battV: 4.14
1380669386,INFO,powerData | battI: -0.01
1380669415,INFO,powerData | busV: 4.29
1380669440,INFO,powerData | busI: 0.05
1380669462,INFO,powerData | BQ status reg: 132
1380669483,INFO,powerData | Fault reg: 4
1380669503,INFO,powerData | Charge status: 0
1380669523,INFO,powerData | DPM status: 0
1380704657,INFO,Starting analysis m: 383 t: 1 e: 26
1380704937,WARN,Disabling IridiumMessageSender transmissions
1380706301,INFO,Completed analysis m: 383 t: 1 e: 26
1380706326,INFO,Enabling IridiumMessageSender transmissions
1380755812,INFO,Starting analysis m: 383 t: 1 e: 27
1380756715,WARN,Disabling IridiumMessageSender transmissions
1380757667,WARN,wd unserviced for 944
1380758372,INFO,Completed analysis m: 383 t: 1 e: 27
1380758396,INFO,Enabling IridiumMessageSender transmissions
1380806967,INFO,Starting analysis m: 383 t: 1 e: 28
1380807247,WARN,Disabling IridiumMessageSender transmissions
1380808493,INFO,Completed analysis m: 383 t: 1 e: 28
1380808519,INFO,Enabling IridiumMessageSender transmissions
1380858126,INFO,Starting analysis m: 383 t: 1 e: 29
1380858413,WARN,Disabling IridiumMessageSender transmissions
1380859711,INFO,Completed analysis m: 383 t: 1 e: 29
1380859736,INFO,Enabling IridiumMessageSender transmissions
1380909266,INFO,Starting analysis m: 383 t: 1 e: 30
1380909553,WARN,Disabling IridiumMessageSender transmissions
1380910931,INFO,Completed analysis m: 383 t: 1 e: 30
1380910956,INFO,Enabling IridiumMessageSender transmissions
1380960428,INFO,Starting analysis m: 383 t: 1 e: 31
1380960708,WARN,Disabling IridiumMessageSender transmissions
1380962025,INFO,Completed analysis m: 383 t: 1 e: 31
1380962050,INFO,Enabling IridiumMessageSender transmissions
1380969326,INFO,powerData | solV: 7.22
1380969349,INFO,powerData | solI: 0.04
1380969369,INFO,powerData | battV: 4.14
1380969392,INFO,powerData | battI: -0.01
1380969412,INFO,powerData | busV: 4.29
1380969433,INFO,powerData | busI: 0.05
1380969455,INFO,powerData | BQ status reg: 132
1380969476,INFO,powerData | Fault reg: 4
1380969498,INFO,powerData | Charge status: 0
1380969525,INFO,powerData | DPM status: 0
1381011574,INFO,Starting analysis m: 383 t: 1 e: 32
1381011863,WARN,Disabling IridiumMessageSender transmissions
1381013112,INFO,Completed analysis m: 383 t: 1 e: 32
1381013137,INFO,Processing stats m: 383 t: 1 e: 33
1381019269,INFO,Finished collection for m: 383 in 1748
1381019293,INFO,Submitting 48 byte / 378 bit message: 
1381019346,DEBUG,m 255 sub to Q at i 0 count: 255
1381019371,DEBUG,1 msgs in Q
1381019418,INFO,Enabling IridiumMessageSender transmissions
1381019457,DEBUG,Sending Q index: 0 id: 255
1381043959,INFO,Send complete: Q index: 0 count_id 255
1381071071,INFO,Starting collection m: 384 t: 0 at 1649028991.20
1381090279,INFO,Submitting 19 byte / 150 bit SMC message: 
1381090322,DEBUG,m 0 sub to Q at i 0 count: 0
1381090344,DEBUG,1 msgs in Q
1381090502,DEBUG,Sending Q index: 0 id: 0
1381165512,INFO,Send complete: Q index: 0 count_id 0
1381173020,INFO,Starting analysis m: 384 t: 0 e: 0
1381173305,WARN,Disabling IridiumMessageSender transmissions
1381174353,INFO,Completed analysis m: 384 t: 0 e: 0
1381174378,INFO,Enabling IridiumMessageSender transmissions
1381224179,INFO,Starting analysis m: 384 t: 0 e: 1
1381224464,WARN,Disabling IridiumMessageSender transmissions
1381225766,INFO,Completed analysis m: 384 t: 0 e: 1
1381225791,INFO,Enabling IridiumMessageSender transmissions
1381269327,INFO,powerData | solV: 7.10
1381269350,INFO,powerData | solI: 0.05
1381269372,INFO,powerData | battV: 4.14
1381269393,INFO,powerData | battI: -0.01
1381269417,INFO,powerData | busV: 4.29
1381269440,INFO,powerData | busI: 0.06
1381269460,INFO,powerData | BQ status reg: 132
1381269481,INFO,powerData | Fault reg: 4
1381269504,INFO,powerData | Charge status: 0
1381269524,INFO,powerData | DPM status: 0
1381275324,INFO,Starting analysis m: 384 t: 0 e: 2
1381275613,WARN,Disabling IridiumMessageSender transmissions
1381276917,INFO,Completed analysis m: 384 t: 0 e: 2
1381276942,INFO,Enabling IridiumMessageSender transmissions
1381326481,INFO,Starting analysis m: 384 t: 0 e: 3
1381326764,WARN,Disabling IridiumMessageSender transmissions
1381328113,INFO,Completed analysis m: 384 t: 0 e: 3
1381328138,INFO,Enabling IridiumMessageSender transmissions
1381377638,INFO,Starting analysis m: 384 t: 0 e: 4
1381377931,WARN,Disabling IridiumMessageSender transmissions
1381379221,INFO,Completed analysis m: 384 t: 0 e: 4
1381379246,INFO,Enabling IridiumMessageSender transmissions
1381428781,INFO,Starting analysis m: 384 t: 0 e: 5
1381429067,WARN,Disabling IridiumMessageSender transmissions
1381430321,INFO,Completed analysis m: 384 t: 0 e: 5
1381430345,INFO,Enabling IridiumMessageSender transmissions
1381479933,INFO,Starting analysis m: 384 t: 0 e: 6
1381480220,WARN,Disabling IridiumMessageSender transmissions
1381481463,INFO,Completed analysis m: 384 t: 0 e: 6
1381481490,INFO,Enabling IridiumMessageSender transmissions
1381531084,INFO,Starting analysis m: 384 t: 0 e: 7
1381531365,WARN,Disabling IridiumMessageSender transmissions
1381532684,INFO,Completed analysis m: 384 t: 0 e: 7
1381532708,INFO,Enabling IridiumMessageSender transmissions
1381569333,INFO,powerData | solV: 7.22
1381569357,INFO,powerData | solI: 0.04
1381569380,INFO,powerData | battV: 4.14
1381569404,INFO,powerData | battI: -0.01
1381569425,INFO,powerData | busV: 4.29
1381569445,INFO,powerData | busI: 0.05
1381569468,INFO,powerData | BQ status reg: 132
1381569490,INFO,powerData | Fault reg: 4
1381569511,INFO,powerData | Charge status: 0
1381569533,INFO,powerData | DPM status: 0
1381582237,INFO,Starting analysis m: 384 t: 0 e: 8
1381582526,WARN,Disabling IridiumMessageSender transmissions
1381583781,INFO,Completed analysis m: 384 t: 0 e: 8
1381583806,INFO,Enabling IridiumMessageSender transmissions
1381633394,INFO,Starting analysis m: 384 t: 0 e: 9
1381633677,WARN,Disabling IridiumMessageSender transmissions
1381635231,INFO,Completed analysis m: 384 t: 0 e: 9
1381635256,INFO,Enabling IridiumMessageSender transmissions
1381684551,INFO,Starting analysis m: 384 t: 0 e: 10
1381684836,WARN,Disabling IridiumMessageSender transmissions
1381686136,INFO,Completed analysis m: 384 t: 0 e: 10
1381686161,INFO,Enabling IridiumMessageSender transmissions
1381735704,INFO,Starting analysis m: 384 t: 0 e: 11
1381735985,WARN,Disabling IridiumMessageSender transmissions
1381737236,INFO,Completed analysis m: 384 t: 0 e: 11
1381737263,INFO,Enabling IridiumMessageSender transmissions
1381786843,INFO,Starting analysis m: 384 t: 0 e: 12
1381787125,WARN,Disabling IridiumMessageSender transmissions
1381788491,INFO,Completed analysis m: 384 t: 0 e: 12
1381788516,INFO,Enabling IridiumMessageSender transmissions
1381837996,INFO,Starting analysis m: 384 t: 0 e: 13
1381838323,WARN,Disabling IridiumMessageSender transmissions
1381839624,INFO,Completed analysis m: 384 t: 0 e: 13
1381839648,INFO,Enabling IridiumMessageSender transmissions
1381869336,INFO,powerData | solV: 6.70
1381869363,INFO,powerData | solI: 0.05
1381869383,INFO,powerData | battV: 4.14
1381869404,INFO,powerData | battI: -0.01
1381869428,INFO,powerData | busV: 4.29
1381869449,INFO,powerData | busI: 0.06
1381869473,INFO,powerData | BQ status reg: 132
1381869496,INFO,powerData | Fault reg: 4
1381869520,INFO,powerData | Charge status: 0
1381869541,INFO,powerData | DPM status: 0
1381889148,INFO,Starting analysis m: 384 t: 0 e: 14
1381889429,WARN,Disabling IridiumMessageSender transmissions
1381890689,INFO,Completed analysis m: 384 t: 0 e: 14
1381890713,INFO,Enabling IridiumMessageSender transmissions
1381940310,INFO,Starting analysis m: 384 t: 0 e: 15
1381940592,WARN,Disabling IridiumMessageSender transmissions
1381941897,INFO,Completed analysis m: 384 t: 0 e: 15
1381941921,INFO,Enabling IridiumMessageSender transmissions
1381991456,INFO,Starting analysis m: 384 t: 0 e: 16
1381991739,WARN,Disabling IridiumMessageSender transmissions
1381992986,INFO,Completed analysis m: 384 t: 0 e: 16
1381993013,INFO,Enabling IridiumMessageSender transmissions
1382042615,INFO,Starting analysis m: 384 t: 0 e: 17
1382042900,WARN,Disabling IridiumMessageSender transmissions
1382044209,INFO,Completed analysis m: 384 t: 0 e: 17
1382044233,INFO,Enabling IridiumMessageSender transmissions
1382093758,INFO,Starting analysis m: 384 t: 0 e: 18
1382094045,WARN,Disabling IridiumMessageSender transmissions
1382095239,INFO,Completed analysis m: 384 t: 0 e: 18
1382095265,INFO,Enabling IridiumMessageSender transmissions
1382144913,INFO,Starting analysis m: 384 t: 0 e: 19
1382145193,WARN,Disabling IridiumMessageSender transmissions
1382146498,INFO,Completed analysis m: 384 t: 0 e: 19
1382146523,INFO,Enabling IridiumMessageSender transmissions
1382169346,INFO,powerData | solV: 7.21
1382169368,INFO,powerData | solI: 0.04
1382169389,INFO,powerData | battV: 4.14
1382169411,INFO,powerData | battI: -0.01
1382169432,INFO,powerData | busV: 4.29
1382169452,INFO,powerData | busI: 0.05
1382169475,INFO,powerData | BQ status reg: 132
1382169495,INFO,powerData | Fault reg: 4
1382169516,INFO,powerData | Charge status: 0
1382169544,INFO,powerData | DPM status: 0
1382196056,INFO,Starting analysis m: 384 t: 0 e: 20
1382196338,WARN,Disabling IridiumMessageSender transmissions
1382197655,INFO,Completed analysis m: 384 t: 0 e: 20
1382197682,INFO,Enabling IridiumMessageSender transmissions
1382247208,INFO,Starting analysis m: 384 t: 0 e: 21
1382247491,WARN,Disabling IridiumMessageSender transmissions
1382248833,INFO,Completed analysis m: 384 t: 0 e: 21
1382248857,INFO,Enabling IridiumMessageSender transmissions
1382294126,INFO,Max CNO changed from 48 to 45
1382298370,INFO,Starting analysis m: 384 t: 0 e: 22
1382298689,WARN,Disabling IridiumMessageSender transmissions
1382300004,INFO,Completed analysis m: 384 t: 0 e: 22
1382300028,INFO,Enabling IridiumMessageSender transmissions
1382349520,INFO,Starting analysis m: 384 t: 0 e: 23
1382349807,WARN,Disabling IridiumMessageSender transmissions
1382351104,INFO,Completed analysis m: 384 t: 0 e: 23
1382351128,INFO,Enabling IridiumMessageSender transmissions
1382400661,INFO,Starting analysis m: 384 t: 0 e: 24
1382400946,WARN,Disabling IridiumMessageSender transmissions
1382402205,INFO,Completed analysis m: 384 t: 0 e: 24
1382402230,INFO,Enabling IridiumMessageSender transmissions
1382451816,INFO,Starting analysis m: 384 t: 0 e: 25
1382452097,WARN,Disabling IridiumMessageSender transmissions
1382453354,INFO,Completed analysis m: 384 t: 0 e: 25
1382453379,INFO,Enabling IridiumMessageSender transmissions
1382469390,INFO,powerData | solV: 7.20
1382469412,INFO,powerData | solI: 0.05
1382469437,INFO,powerData | battV: 4.14
1382469459,INFO,powerData | battI: -0.01
1382469480,INFO,powerData | busV: 4.29
1382469500,INFO,powerData | busI: 0.06
1382469523,INFO,powerData | BQ status reg: 132
1382469543,INFO,powerData | Fault reg: 4
1382469564,INFO,powerData | Charge status: 0
1382469584,INFO,powerData | DPM status: 0
1382502965,INFO,Starting analysis m: 384 t: 0 e: 26
1382503254,WARN,Disabling IridiumMessageSender transmissions
1382504507,INFO,Completed analysis m: 384 t: 0 e: 26
1382504536,INFO,Enabling IridiumMessageSender transmissions
1382553886,INFO,Max CNO changed from 45 to 49
1382554126,INFO,Starting analysis m: 384 t: 0 e: 27
1382554406,WARN,Disabling IridiumMessageSender transmissions
1382555725,INFO,Completed analysis m: 384 t: 0 e: 27
1382555750,INFO,Enabling IridiumMessageSender transmissions
1382573862,INFO,Max CNO changed from 49 to 46
1382605279,INFO,Starting analysis m: 384 t: 0 e: 28
1382605568,WARN,Disabling IridiumMessageSender transmissions
1382606864,INFO,Completed analysis m: 384 t: 0 e: 28
1382606888,INFO,Enabling IridiumMessageSender transmissions
1382656421,INFO,Starting analysis m: 384 t: 0 e: 29
1382656702,WARN,Disabling IridiumMessageSender transmissions
1382657959,INFO,Completed analysis m: 384 t: 0 e: 29
1382657984,INFO,Enabling IridiumMessageSender transmissions
1382707570,INFO,Starting analysis m: 384 t: 0 e: 30
1382707853,WARN,Disabling IridiumMessageSender transmissions
1382709288,INFO,Completed analysis m: 384 t: 0 e: 30
1382709317,INFO,Enabling IridiumMessageSender transmissions
1382758721,INFO,Starting analysis m: 384 t: 0 e: 31
1382759010,WARN,Disabling IridiumMessageSender transmissions
1382760359,INFO,Completed analysis m: 384 t: 0 e: 31
1382760384,INFO,Enabling IridiumMessageSender transmissions
1382769391,INFO,powerData | solV: 7.06
1382769414,INFO,powerData | solI: 0.04
1382769444,INFO,powerData | battV: 4.14
1382769467,INFO,powerData | battI: -0.01
1382769487,INFO,powerData | busV: 4.29
1382769508,INFO,powerData | busI: 0.05
1382769534,INFO,powerData | BQ status reg: 132
1382769555,INFO,powerData | Fault reg: 4
1382769577,INFO,powerData | Charge status: 0
1382769598,INFO,powerData | DPM status: 0
1382809894,INFO,Starting analysis m: 384 t: 0 e: 32
1382810183,WARN,Disabling IridiumMessageSender transmissions
1382811490,INFO,Completed analysis m: 384 t: 0 e: 32
1382811514,INFO,Processing stats m: 384 t: 0 e: 33
1382818365,INFO,Enabling IridiumMessageSender transmissions
1382869366,INFO,Starting collection m: 384 t: 1 at 1649030791.20
1382971328,INFO,Starting analysis m: 384 t: 1 e: 0
1382971611,WARN,Disabling IridiumMessageSender transmissions
1382972659,INFO,Completed analysis m: 384 t: 1 e: 0
1382972684,INFO,Enabling IridiumMessageSender transmissions
1383022481,INFO,Starting analysis m: 384 t: 1 e: 1
1383022764,WARN,Disabling IridiumMessageSender transmissions
1383024011,INFO,Completed analysis m: 384 t: 1 e: 1
1383024035,INFO,Enabling IridiumMessageSender transmissions
1383069401,INFO,powerData | solV: 7.07
1383069427,INFO,powerData | solI: 0.04
1383069448,INFO,powerData | battV: 4.15
1383069468,INFO,powerData | battI: -0.01
1383069489,INFO,powerData | busV: 4.30
1383069511,INFO,powerData | busI: 0.04
1383069532,INFO,powerData | BQ status reg: 132
1383069556,INFO,powerData | Fault reg: 4
1383069579,INFO,powerData | Charge status: 0
1383069601,INFO,powerData | DPM status: 0
1383073632,INFO,Starting analysis m: 384 t: 1 e: 2
1383073912,WARN,Disabling IridiumMessageSender transmissions
1383075227,INFO,Completed analysis m: 384 t: 1 e: 2
1383075252,INFO,Enabling IridiumMessageSender transmissions
1383124791,INFO,Starting analysis m: 384 t: 1 e: 3
1383125071,WARN,Disabling IridiumMessageSender transmissions
1383126323,INFO,Completed analysis m: 384 t: 1 e: 3
1383126347,INFO,Enabling IridiumMessageSender transmissions
1383175938,INFO,Starting analysis m: 384 t: 1 e: 4
1383176220,WARN,Disabling IridiumMessageSender transmissions
1383177474,INFO,Completed analysis m: 384 t: 1 e: 4
1383177502,INFO,Enabling IridiumMessageSender transmissions
1383227086,INFO,Starting analysis m: 384 t: 1 e: 5
1383227367,WARN,Disabling IridiumMessageSender transmissions
1383228608,INFO,Completed analysis m: 384 t: 1 e: 5
1383228635,INFO,Enabling IridiumMessageSender transmissions
1383278233,INFO,Starting analysis m: 384 t: 1 e: 6
1383278516,WARN,Disabling IridiumMessageSender transmissions
1383279763,INFO,Completed analysis m: 384 t: 1 e: 6
1383279790,INFO,Enabling IridiumMessageSender transmissions
1383329386,INFO,Starting analysis m: 384 t: 1 e: 7
1383329675,WARN,Disabling IridiumMessageSender transmissions
1383331022,INFO,Completed analysis m: 384 t: 1 e: 7
1383331045,INFO,Enabling IridiumMessageSender transmissions
1383353126,INFO,Max CNO changed from 46 to 49
1383369404,INFO,powerData | solV: 7.02
1383369426,INFO,powerData | solI: 0.05
1383369447,INFO,powerData | battV: 4.14
1383369467,INFO,powerData | battI: -0.01
1383369488,INFO,powerData | busV: 4.30
1383369508,INFO,powerData | busI: 0.05
1383369535,INFO,powerData | BQ status reg: 132
1383369555,INFO,powerData | Fault reg: 4
1383369578,INFO,powerData | Charge status: 0
1383369598,INFO,powerData | DPM status: 0
1383380545,INFO,Starting analysis m: 384 t: 1 e: 8
1383380830,WARN,Disabling IridiumMessageSender transmissions
1383382140,INFO,Completed analysis m: 384 t: 1 e: 8
1383382165,INFO,Enabling IridiumMessageSender transmissions
1383431692,INFO,Starting analysis m: 384 t: 1 e: 9
1383431979,WARN,Disabling IridiumMessageSender transmissions
1383433519,INFO,Completed analysis m: 384 t: 1 e: 9
1383433543,INFO,Enabling IridiumMessageSender transmissions
1383482849,INFO,Starting analysis m: 384 t: 1 e: 10
1383483131,WARN,Disabling IridiumMessageSender transmissions
1383484430,INFO,Completed analysis m: 384 t: 1 e: 10
1383484454,INFO,Enabling IridiumMessageSender transmissions
1383533998,INFO,Starting analysis m: 384 t: 1 e: 11
1383534284,WARN,Disabling IridiumMessageSender transmissions
1383535536,INFO,Completed analysis m: 384 t: 1 e: 11
1383535564,INFO,Enabling IridiumMessageSender transmissions
1383585144,INFO,Starting analysis m: 384 t: 1 e: 12
1383585437,WARN,Disabling IridiumMessageSender transmissions
1383586742,INFO,Completed analysis m: 384 t: 1 e: 12
1383586768,INFO,Enabling IridiumMessageSender transmissions
1383612956,INFO,Max CNO changed from 49 to 46
1383636301,INFO,Starting analysis m: 384 t: 1 e: 13
1383636588,WARN,Disabling IridiumMessageSender transmissions
1383637895,INFO,Completed analysis m: 384 t: 1 e: 13
1383637923,INFO,Enabling IridiumMessageSender transmissions
1383669405,INFO,powerData | solV: 7.02
1383669428,INFO,powerData | solI: 0.05
1383669450,INFO,powerData | battV: 4.14
1383669471,INFO,powerData | battI: -0.01
1383669491,INFO,powerData | busV: 4.30
1383669514,INFO,powerData | busI: 0.06
1383669534,INFO,powerData | BQ status reg: 132
1383669557,INFO,powerData | Fault reg: 4
1383669577,INFO,powerData | Charge status: 0
1383669598,INFO,powerData | DPM status: 0
1383687448,INFO,Starting analysis m: 384 t: 1 e: 14
1383687733,WARN,Disabling IridiumMessageSender transmissions
1383688990,INFO,Completed analysis m: 384 t: 1 e: 14
1383689015,INFO,Enabling IridiumMessageSender transmissions
1383738597,INFO,Starting analysis m: 384 t: 1 e: 15
1383738882,WARN,Disabling IridiumMessageSender transmissions
1383740135,INFO,Completed analysis m: 384 t: 1 e: 15
1383740160,INFO,Enabling IridiumMessageSender transmissions
1383789748,INFO,Starting analysis m: 384 t: 1 e: 16
1383790036,WARN,Disabling IridiumMessageSender transmissions
1383791380,INFO,Completed analysis m: 384 t: 1 e: 16
1383791405,INFO,Enabling IridiumMessageSender transmissions
1383792719,INFO,Max CNO changed from 46 to 49
1383840899,INFO,Starting analysis m: 384 t: 1 e: 17
1383841218,WARN,Disabling IridiumMessageSender transmissions
1383842527,INFO,Completed analysis m: 384 t: 1 e: 17
1383842551,INFO,Enabling IridiumMessageSender transmissions
1383852716,INFO,Max CNO changed from 49 to 46
1383892054,INFO,Starting analysis m: 384 t: 1 e: 18
1383892346,WARN,Disabling IridiumMessageSender transmissions
1383893559,INFO,Completed analysis m: 384 t: 1 e: 18
1383893587,INFO,Enabling IridiumMessageSender transmissions
1383943206,INFO,Starting analysis m: 384 t: 1 e: 19
1383943487,WARN,Disabling IridiumMessageSender transmissions
1383944744,INFO,Completed analysis m: 384 t: 1 e: 19
1383944769,INFO,Enabling IridiumMessageSender transmissions
1383969409,INFO,powerData | solV: 7.10
1383969431,INFO,powerData | solI: 0.05
1383969456,INFO,powerData | battV: 4.14
1383969476,INFO,powerData | battI: -0.01
1383969501,INFO,powerData | busV: 4.30
1383969525,INFO,powerData | busI: 0.05
1383969546,INFO,powerData | BQ status reg: 132
1383969566,INFO,powerData | Fault reg: 4
1383969589,INFO,powerData | Charge status: 0
1383969611,INFO,powerData | DPM status: 0
1383994359,INFO,Starting analysis m: 384 t: 1 e: 20
1383994642,WARN,Disabling IridiumMessageSender transmissions
1383995897,INFO,Completed analysis m: 384 t: 1 e: 20
1383995926,INFO,Enabling IridiumMessageSender transmissions
1384045510,INFO,Starting analysis m: 384 t: 1 e: 21
1384045797,WARN,Disabling IridiumMessageSender transmissions
1384047050,INFO,Completed analysis m: 384 t: 1 e: 21
1384047075,INFO,Enabling IridiumMessageSender transmissions
1384096661,INFO,Starting analysis m: 384 t: 1 e: 22
1384096944,WARN,Disabling IridiumMessageSender transmissions
1384098203,INFO,Completed analysis m: 384 t: 1 e: 22
1384098228,INFO,Enabling IridiumMessageSender transmissions
1384147822,INFO,Starting analysis m: 384 t: 1 e: 23
1384148109,WARN,Disabling IridiumMessageSender transmissions
1384149415,INFO,Completed analysis m: 384 t: 1 e: 23
1384149440,INFO,Enabling IridiumMessageSender transmissions
1384198963,INFO,Starting analysis m: 384 t: 1 e: 24
1384199243,WARN,Disabling IridiumMessageSender transmissions
1384200503,INFO,Completed analysis m: 384 t: 1 e: 24
1384200527,INFO,Enabling IridiumMessageSender transmissions
1384250118,INFO,Starting analysis m: 384 t: 1 e: 25
1384250402,WARN,Disabling IridiumMessageSender transmissions
1384251746,INFO,Completed analysis m: 384 t: 1 e: 25
1384251770,INFO,Enabling IridiumMessageSender transmissions
1384269416,INFO,powerData | solV: 7.00
1384269438,INFO,powerData | solI: 0.05
1384269459,INFO,powerData | battV: 4.14
1384269481,INFO,powerData | battI: -0.01
1384269502,INFO,powerData | busV: 4.29
1384269522,INFO,powerData | busI: 0.06
1384269545,INFO,powerData | BQ status reg: 132
1384269565,INFO,powerData | Fault reg: 4
1384269590,INFO,powerData | Charge status: 0
1384269615,INFO,powerData | DPM status: 0
1384301281,INFO,Starting analysis m: 384 t: 1 e: 26
1384301600,WARN,Disabling IridiumMessageSender transmissions
1384302899,INFO,Completed analysis m: 384 t: 1 e: 26
1384302923,INFO,Enabling IridiumMessageSender transmissions
1384352428,INFO,Starting analysis m: 384 t: 1 e: 27
1384352710,WARN,Disabling IridiumMessageSender transmissions
1384354015,INFO,Completed analysis m: 384 t: 1 e: 27
1384354039,INFO,Enabling IridiumMessageSender transmissions
1384403570,INFO,Starting analysis m: 384 t: 1 e: 28
1384403859,WARN,Disabling IridiumMessageSender transmissions
1384405166,INFO,Completed analysis m: 384 t: 1 e: 28
1384405190,INFO,Enabling IridiumMessageSender transmissions
1384454719,INFO,Starting analysis m: 384 t: 1 e: 29
1384455002,WARN,Disabling IridiumMessageSender transmissions
1384456314,INFO,Completed analysis m: 384 t: 1 e: 29
1384456339,INFO,Enabling IridiumMessageSender transmissions
1384505872,INFO,Starting analysis m: 384 t: 1 e: 30
1384506155,WARN,Disabling IridiumMessageSender transmissions
1384507543,INFO,Completed analysis m: 384 t: 1 e: 30
1384507568,INFO,Enabling IridiumMessageSender transmissions
1384557031,INFO,Starting analysis m: 384 t: 1 e: 31
1384557318,WARN,Disabling IridiumMessageSender transmissions
1384558571,INFO,Completed analysis m: 384 t: 1 e: 31
1384558596,INFO,Enabling IridiumMessageSender transmissions
1384569415,INFO,powerData | solV: 7.04
1384569440,INFO,powerData | solI: 0.05
1384569464,INFO,powerData | battV: 4.14
1384569485,INFO,powerData | battI: -0.01
1384569505,INFO,powerData | busV: 4.30
1384569528,INFO,powerData | busI: 0.05
1384569548,INFO,powerData | BQ status reg: 132
1384569569,INFO,powerData | Fault reg: 4
1384569591,INFO,powerData | Charge status: 0
1384569612,INFO,powerData | DPM status: 0
1384608184,INFO,Starting analysis m: 384 t: 1 e: 32
1384608464,WARN,Disabling IridiumMessageSender transmissions
1384609771,INFO,Completed analysis m: 384 t: 1 e: 32
1384609798,INFO,Processing stats m: 384 t: 1 e: 33
1384615944,INFO,Finished collection for m: 384 in 1748
1384615968,INFO,Submitting 48 byte / 378 bit message: 
1384616024,DEBUG,m 1 sub to Q at i 0 count: 1
1384616046,DEBUG,1 msgs in Q
1384616097,INFO,Enabling IridiumMessageSender transmissions
1384616134,DEBUG,Sending Q index: 0 id: 1
1384625293,INFO,Send complete: Q index: 0 count_id 1
1384667680,INFO,Starting collection m: 385 t: 0 at 1649032591.20
1384686317,INFO,Submitting 19 byte / 150 bit SMC message: 
1384686362,DEBUG,m 2 sub to Q at i 0 count: 2
1384686387,DEBUG,1 msgs in Q
1384686548,DEBUG,Sending Q index: 0 id: 2
1384696928,INFO,Send complete: Q index: 0 count_id 2
1384769626,INFO,Starting analysis m: 385 t: 0 e: 0
1384769906,WARN,Disabling IridiumMessageSender transmissions
1384770967,INFO,Completed analysis m: 385 t: 0 e: 0
1384770992,INFO,Enabling IridiumMessageSender transmissions
1384820779,INFO,Starting analysis m: 385 t: 0 e: 1
1384821061,WARN,Disabling IridiumMessageSender transmissions
1384822401,INFO,Completed analysis m: 385 t: 0 e: 1
1384822425,INFO,Enabling IridiumMessageSender transmissions
1384831735,INFO,Max CNO changed from 46 to 49
1384869425,INFO,powerData | solV: 7.13
1384869449,INFO,powerData | solI: 0.04
1384869474,INFO,powerData | battV: 4.14
1384869498,INFO,powerData | battI: -0.01
1384869519,INFO,powerData | busV: 4.30
1384869541,INFO,powerData | busI: 0.05
1384869562,INFO,powerData | BQ status reg: 132
1384869582,INFO,powerData | Fault reg: 4
1384869609,INFO,powerData | Charge status: 0
1384869629,INFO,powerData | DPM status: 0
1384871931,INFO,Starting analysis m: 385 t: 0 e: 2
1384872253,WARN,Disabling IridiumMessageSender transmissions
1384873562,INFO,Completed analysis m: 385 t: 0 e: 2
1384873588,INFO,Enabling IridiumMessageSender transmissions
1384923090,INFO,Starting analysis m: 385 t: 0 e: 3
1384923377,WARN,Disabling IridiumMessageSender transmissions
1384924626,INFO,Completed analysis m: 385 t: 0 e: 3
1384924655,INFO,Enabling IridiumMessageSender transmissions
1384931639,INFO,Max CNO changed from 49 to 46
1384951617,INFO,Max CNO changed from 46 to 49
1384974241,INFO,Starting analysis m: 385 t: 0 e: 4
1384974524,WARN,Disabling IridiumMessageSender transmissions
1384975831,INFO,Completed analysis m: 385 t: 0 e: 4
1384975855,INFO,Enabling IridiumMessageSender transmissions
1385025384,INFO,Starting analysis m: 385 t: 0 e: 5
1385025665,WARN,Disabling IridiumMessageSender transmissions
1385026977,INFO,Completed analysis m: 385 t: 0 e: 5
1385027006,INFO,Enabling IridiumMessageSender transmissions
1385076545,INFO,Starting analysis m: 385 t: 0 e: 6
1385076828,WARN,Disabling IridiumMessageSender transmissions
1385078124,INFO,Completed analysis m: 385 t: 0 e: 6
1385078149,INFO,Enabling IridiumMessageSender transmissions
1385091487,INFO,Max CNO changed from 49 to 46
1385127696,INFO,Starting analysis m: 385 t: 0 e: 7
1385127979,WARN,Disabling IridiumMessageSender transmissions
1385129277,INFO,Completed analysis m: 385 t: 0 e: 7
1385129306,INFO,Enabling IridiumMessageSender transmissions
1385169426,INFO,powerData | solV: 7.18
1385169448,INFO,powerData | solI: 0.04
1385169469,INFO,powerData | battV: 4.14
1385169489,INFO,powerData | battI: -0.01
1385169510,INFO,powerData | busV: 4.30
1385169532,INFO,powerData | busI: 0.05
1385169555,INFO,powerData | BQ status reg: 132
1385169577,INFO,powerData | Fault reg: 4
1385169600,INFO,powerData | Charge status: 0
1385169623,INFO,powerData | DPM status: 0
1385178851,INFO,Starting analysis m: 385 t: 0 e: 8
1385179131,WARN,Disabling IridiumMessageSender transmissions
1385180379,INFO,Completed analysis m: 385 t: 0 e: 8
1385180403,INFO,Enabling IridiumMessageSender transmissions
1385191395,INFO,Max CNO changed from 46 to 49
1385229989,INFO,Starting analysis m: 385 t: 0 e: 9
1385230272,WARN,Disabling IridiumMessageSender transmissions
1385231822,INFO,Completed analysis m: 385 t: 0 e: 9
1385231847,INFO,Enabling IridiumMessageSender transmissions
1385281138,INFO,Starting analysis m: 385 t: 0 e: 10
1385281470,WARN,Disabling IridiumMessageSender transmissions
1385282797,INFO,Completed analysis m: 385 t: 0 e: 10
1385282820,INFO,Enabling IridiumMessageSender transmissions
1385332299,INFO,Starting analysis m: 385 t: 0 e: 11
1385332619,WARN,Disabling IridiumMessageSender transmissions
1385333923,INFO,Completed analysis m: 385 t: 0 e: 11
1385333948,INFO,Enabling IridiumMessageSender transmissions
1385383444,INFO,Starting analysis m: 385 t: 0 e: 12
1385383727,WARN,Disabling IridiumMessageSender transmissions
1385384972,INFO,Completed analysis m: 385 t: 0 e: 12
1385384998,INFO,Enabling IridiumMessageSender transmissions
1385391204,INFO,Max CNO changed from 49 to 45
1385411184,INFO,Max CNO changed from 45 to 48
1385434595,INFO,Starting analysis m: 385 t: 0 e: 13
1385434875,WARN,Disabling IridiumMessageSender transmissions
1385436119,INFO,Completed analysis m: 385 t: 0 e: 13
1385436145,INFO,Enabling IridiumMessageSender transmissions
1385469435,INFO,powerData | solV: 7.10
1385469462,INFO,powerData | solI: 0.05
1385469483,INFO,powerData | battV: 4.14
1385469503,INFO,powerData | battI: -0.01
1385469523,INFO,powerData | busV: 4.29
1385469544,INFO,powerData | busI: 0.06
1385469566,INFO,powerData | BQ status reg: 132
1385469587,INFO,powerData | Fault reg: 4
1385469607,INFO,powerData | Charge status: 0
1385469628,INFO,powerData | DPM status: 0
1385485754,INFO,Starting analysis m: 385 t: 0 e: 14
1385486036,WARN,Disabling IridiumMessageSender transmissions
1385487347,INFO,Completed analysis m: 385 t: 0 e: 14
1385487372,INFO,Enabling IridiumMessageSender transmissions
1385536897,INFO,Starting analysis m: 385 t: 0 e: 15
1385537185,WARN,Disabling IridiumMessageSender transmissions
1385538433,INFO,Completed analysis m: 385 t: 0 e: 15
1385538457,INFO,Enabling IridiumMessageSender transmissions
1385588049,INFO,Starting analysis m: 385 t: 0 e: 16
1385588332,WARN,Disabling IridiumMessageSender transmissions
1385589590,INFO,Completed analysis m: 385 t: 0 e: 16
1385589618,INFO,Enabling IridiumMessageSender transmissions
1385639200,INFO,Starting analysis m: 385 t: 0 e: 17
1385639487,WARN,Disabling IridiumMessageSender transmissions
1385640742,INFO,Completed analysis m: 385 t: 0 e: 17
1385640769,INFO,Enabling IridiumMessageSender transmissions
1385690359,INFO,Starting analysis m: 385 t: 0 e: 18
1385690642,WARN,Disabling IridiumMessageSender transmissions
1385691848,INFO,Completed analysis m: 385 t: 0 e: 18
1385691877,INFO,Enabling IridiumMessageSender transmissions
1385741506,INFO,Starting analysis m: 385 t: 0 e: 19
1385741795,WARN,Disabling IridiumMessageSender transmissions
1385743142,INFO,Completed analysis m: 385 t: 0 e: 19
1385743167,INFO,Enabling IridiumMessageSender transmissions
1385769465,INFO,powerData | solV: 7.10
1385769488,INFO,powerData | solI: 0.05
1385769510,INFO,powerData | battV: 4.14
1385769531,INFO,powerData | battI: -0.01
1385769551,INFO,powerData | busV: 4.29
1385769574,INFO,powerData | busI: 0.05
1385769594,INFO,powerData | BQ status reg: 132
1385769619,INFO,powerData | Fault reg: 4
1385769641,INFO,powerData | Charge status: 0
1385769662,INFO,powerData | DPM status: 0
1385792669,INFO,Starting analysis m: 385 t: 0 e: 20
1385792950,WARN,Disabling IridiumMessageSender transmissions
1385794304,INFO,Completed analysis m: 385 t: 0 e: 20
1385794328,INFO,Enabling IridiumMessageSender transmissions
1385843818,INFO,Starting analysis m: 385 t: 0 e: 21
1385844109,WARN,Disabling IridiumMessageSender transmissions
1385845403,INFO,Completed analysis m: 385 t: 0 e: 21
1385845432,INFO,Enabling IridiumMessageSender transmissions
1385894961,INFO,Starting analysis m: 385 t: 0 e: 22
1385895241,WARN,Disabling IridiumMessageSender transmissions
1385896505,INFO,Completed analysis m: 385 t: 0 e: 22
1385896529,INFO,Enabling IridiumMessageSender transmissions
1385946122,INFO,Starting analysis m: 385 t: 0 e: 23
1385946411,WARN,Disabling IridiumMessageSender transmissions
1385947707,INFO,Completed analysis m: 385 t: 0 e: 23
1385947731,INFO,Enabling IridiumMessageSender transmissions
1385997266,INFO,Starting analysis m: 385 t: 0 e: 24
1385997549,WARN,Disabling IridiumMessageSender transmissions
1385998876,INFO,Completed analysis m: 385 t: 0 e: 24
1385998901,INFO,Enabling IridiumMessageSender transmissions
1386048428,INFO,Starting analysis m: 385 t: 0 e: 25
1386048714,WARN,Disabling IridiumMessageSender transmissions
1386050013,INFO,Completed analysis m: 385 t: 0 e: 25
1386050037,INFO,Enabling IridiumMessageSender transmissions
1386069469,INFO,powerData | solV: 7.09
1386069491,INFO,powerData | solI: 0.05
1386069514,INFO,powerData | battV: 4.14
1386069538,INFO,powerData | battI: -0.01
1386069563,INFO,powerData | busV: 4.29
1386069583,INFO,powerData | busI: 0.06
1386069604,INFO,powerData | BQ status reg: 132
1386069624,INFO,powerData | Fault reg: 4
1386069645,INFO,powerData | Charge status: 0
1386069667,INFO,powerData | DPM status: 0
1386099570,INFO,Starting analysis m: 385 t: 0 e: 26
1386099853,WARN,Disabling IridiumMessageSender transmissions
1386101114,INFO,Completed analysis m: 385 t: 0 e: 26
1386101139,INFO,Enabling IridiumMessageSender transmissions
1386150729,INFO,Starting analysis m: 385 t: 0 e: 27
1386151016,WARN,Disabling IridiumMessageSender transmissions
1386152318,INFO,Completed analysis m: 385 t: 0 e: 27
1386152343,INFO,Enabling IridiumMessageSender transmissions
1386201872,INFO,Starting analysis m: 385 t: 0 e: 28
1386202152,WARN,Disabling IridiumMessageSender transmissions
1386203410,INFO,Completed analysis m: 385 t: 0 e: 28
1386203439,INFO,Enabling IridiumMessageSender transmissions
1386253023,INFO,Starting analysis m: 385 t: 0 e: 29
1386253305,WARN,Disabling IridiumMessageSender transmissions
1386254661,INFO,Completed analysis m: 385 t: 0 e: 29
1386254686,INFO,Enabling IridiumMessageSender transmissions
1386304182,INFO,Starting analysis m: 385 t: 0 e: 30
1386304501,WARN,Disabling IridiumMessageSender transmissions
1386305878,INFO,Completed analysis m: 385 t: 0 e: 30
1386305902,INFO,Enabling IridiumMessageSender transmissions
1386355337,INFO,Starting analysis m: 385 t: 0 e: 31
1386355617,WARN,Disabling IridiumMessageSender transmissions
1386356875,INFO,Completed analysis m: 385 t: 0 e: 31
1386356899,INFO,Enabling IridiumMessageSender transmissions
1386369474,INFO,powerData | solV: 7.10
1386369497,INFO,powerData | solI: 0.05
1386369517,INFO,powerData | battV: 4.14
1386369538,INFO,powerData | battI: -0.01
1386369558,INFO,powerData | busV: 4.29
1386369583,INFO,powerData | busI: 0.05
1386369609,INFO,powerData | BQ status reg: 132
1386369634,INFO,powerData | Fault reg: 4
1386369660,INFO,powerData | Charge status: 0
1386369681,INFO,powerData | DPM status: 0
1386406481,INFO,Starting analysis m: 385 t: 0 e: 32
1386406780,WARN,Disabling IridiumMessageSender transmissions
1386408075,INFO,Completed analysis m: 385 t: 0 e: 32
1386408099,INFO,Processing stats m: 385 t: 0 e: 33
1386413985,INFO,Enabling IridiumMessageSender transmissions
1386465984,INFO,Starting collection m: 385 t: 1 at 1649034391.20
1386567938,INFO,Starting analysis m: 385 t: 1 e: 0
1386568220,WARN,Disabling IridiumMessageSender transmissions
1386569275,INFO,Completed analysis m: 385 t: 1 e: 0
1386569299,INFO,Enabling IridiumMessageSender transmissions
1386619090,INFO,Starting analysis m: 385 t: 1 e: 1
1386619371,WARN,Disabling IridiumMessageSender transmissions
1386620620,INFO,Completed analysis m: 385 t: 1 e: 1
1386620645,INFO,Enabling IridiumMessageSender transmissions
1386669477,INFO,powerData | solV: 6.77
1386669504,INFO,powerData | solI: 0.04
1386669524,INFO,powerData | battV: 4.14
1386669545,INFO,powerData | battI: -0.01
1386669565,INFO,powerData | busV: 4.29
1386669586,INFO,powerData | busI: 0.05
1386669606,INFO,powerData | BQ status reg: 132
1386669627,INFO,powerData | Fault reg: 4
1386669649,INFO,powerData | Charge status: 0
1386669670,INFO,powerData | DPM status: 0
1386670235,INFO,Starting analysis m: 385 t: 1 e: 2
1386670518,WARN,Disabling IridiumMessageSender transmissions
1386671771,INFO,Completed analysis m: 385 t: 1 e: 2
1386671800,INFO,Enabling IridiumMessageSender transmissions
1386721390,INFO,Starting analysis m: 385 t: 1 e: 3
1386721673,WARN,Disabling IridiumMessageSender transmissions
1386722983,INFO,Completed analysis m: 385 t: 1 e: 3
1386723008,INFO,Enabling IridiumMessageSender transmissions
1386772543,INFO,Starting analysis m: 385 t: 1 e: 4
1386772832,WARN,Disabling IridiumMessageSender transmissions
1386774128,INFO,Completed analysis m: 385 t: 1 e: 4
1386774153,INFO,Enabling IridiumMessageSender transmissions
1386823694,INFO,Starting analysis m: 385 t: 1 e: 5
1386823976,WARN,Disabling IridiumMessageSender transmissions
1386825326,INFO,Completed analysis m: 385 t: 1 e: 5
1386825351,INFO,Enabling IridiumMessageSender transmissions
1386874839,INFO,Starting analysis m: 385 t: 1 e: 6
1386875166,WARN,Disabling IridiumMessageSender transmissions
1386876461,INFO,Completed analysis m: 385 t: 1 e: 6
1386876485,INFO,Enabling IridiumMessageSender transmissions
1386926002,INFO,Starting analysis m: 385 t: 1 e: 7
1386926288,WARN,Disabling IridiumMessageSender transmissions
1386927587,INFO,Completed analysis m: 385 t: 1 e: 7
1386927611,INFO,Enabling IridiumMessageSender transmissions
1386969479,INFO,powerData | solV: 6.91
1386969505,INFO,powerData | solI: 0.05
1386969530,INFO,powerData | battV: 4.14
1386969556,INFO,powerData | battI: -0.01
1386969579,INFO,powerData | busV: 4.29
1386969604,INFO,powerData | busI: 0.05
1386969624,INFO,powerData | BQ status reg: 132
1386969645,INFO,powerData | Fault reg: 4
1386969669,INFO,powerData | Charge status: 0
1386969692,INFO,powerData | DPM status: 0
1386977144,INFO,Starting analysis m: 385 t: 1 e: 8
1386977425,WARN,Disabling IridiumMessageSender transmissions
1386978670,INFO,Completed analysis m: 385 t: 1 e: 8
1386978697,INFO,Enabling IridiumMessageSender transmissions
1387028295,INFO,Starting analysis m: 385 t: 1 e: 9
1387028578,WARN,Disabling IridiumMessageSender transmissions
1387030112,INFO,Completed analysis m: 385 t: 1 e: 9
1387030140,INFO,Enabling IridiumMessageSender transmissions
1387079452,INFO,Starting analysis m: 385 t: 1 e: 10
1387079733,WARN,Disabling IridiumMessageSender transmissions
1387081039,INFO,Completed analysis m: 385 t: 1 e: 10
1387081064,INFO,Enabling IridiumMessageSender transmissions
1387130609,INFO,Starting analysis m: 385 t: 1 e: 11
1387130898,WARN,Disabling IridiumMessageSender transmissions
1387132192,INFO,Completed analysis m: 385 t: 1 e: 11
1387132217,INFO,Enabling IridiumMessageSender transmissions
1387181752,INFO,Starting analysis m: 385 t: 1 e: 12
1387182032,WARN,Disabling IridiumMessageSender transmissions
1387183282,INFO,Completed analysis m: 385 t: 1 e: 12
1387183308,INFO,Enabling IridiumMessageSender transmissions
1387232907,INFO,Starting analysis m: 385 t: 1 e: 13
1387233193,WARN,Disabling IridiumMessageSender transmissions
1387234494,INFO,Completed analysis m: 385 t: 1 e: 13
1387234519,INFO,Enabling IridiumMessageSender transmissions
1387269486,INFO,powerData | solV: 7.00
1387269513,INFO,powerData | solI: 0.04
1387269533,INFO,powerData | battV: 4.14
1387269554,INFO,powerData | battI: -0.01
1387269576,INFO,powerData | busV: 4.29
1387269601,INFO,powerData | busI: 0.05
1387269625,INFO,powerData | BQ status reg: 132
1387269646,INFO,powerData | Fault reg: 4
1387269666,INFO,powerData | Charge status: 0
1387269687,INFO,powerData | DPM status: 0
1387284072,INFO,Starting analysis m: 385 t: 1 e: 14
1387284611,WARN,Disabling IridiumMessageSender transmissions
1387285899,INFO,Completed analysis m: 385 t: 1 e: 14
1387285927,INFO,Enabling IridiumMessageSender transmissions
1387335208,INFO,Starting analysis m: 385 t: 1 e: 15
1387335536,WARN,Disabling IridiumMessageSender transmissions
1387336847,INFO,Completed analysis m: 385 t: 1 e: 15
1387336869,INFO,Enabling IridiumMessageSender transmissions
1387369340,INFO,Max CNO changed from 48 to 45
1387386372,INFO,Starting analysis m: 385 t: 1 e: 16
1387386654,WARN,Disabling IridiumMessageSender transmissions
1387387949,INFO,Completed analysis m: 385 t: 1 e: 16
1387387977,INFO,Enabling IridiumMessageSender transmissions
1387389319,INFO,Max CNO changed from 45 to 48
1387437510,INFO,Starting analysis m: 385 t: 1 e: 17
1387437793,WARN,Disabling IridiumMessageSender transmissions
1387439044,INFO,Completed analysis m: 385 t: 1 e: 17
1387439069,INFO,Enabling IridiumMessageSender transmissions
1387449264,INFO,Max CNO changed from 48 to 45
1387488673,INFO,Starting analysis m: 385 t: 1 e: 18
1387488956,WARN,Disabling IridiumMessageSender transmissions
1387490154,INFO,Completed analysis m: 385 t: 1 e: 18
1387490181,INFO,Enabling IridiumMessageSender transmissions
1387539812,INFO,Starting analysis m: 385 t: 1 e: 19
1387540092,WARN,Disabling IridiumMessageSender transmissions
1387541338,INFO,Completed analysis m: 385 t: 1 e: 19
1387541364,INFO,Enabling IridiumMessageSender transmissions
1387569489,INFO,powerData | solV: 6.98
1387569512,INFO,powerData | solI: 0.05
1387569532,INFO,powerData | battV: 4.14
1387569553,INFO,powerData | battI: -0.01
1387569577,INFO,powerData | busV: 4.29
1387569600,INFO,powerData | busI: 0.06
1387569620,INFO,powerData | BQ status reg: 132
1387569641,INFO,powerData | Fault reg: 4
1387569661,INFO,powerData | Charge status: 0
1387569684,INFO,powerData | DPM status: 0
1387590967,INFO,Starting analysis m: 385 t: 1 e: 20
1387591247,WARN,Disabling IridiumMessageSender transmissions
1387592562,INFO,Completed analysis m: 385 t: 1 e: 20
1387592587,INFO,Enabling IridiumMessageSender transmissions
1387642126,INFO,Starting analysis m: 385 t: 1 e: 21
1387642402,WARN,Disabling IridiumMessageSender transmissions
1387643709,INFO,Completed analysis m: 385 t: 1 e: 21
1387643736,INFO,Enabling IridiumMessageSender transmissions
1387693271,INFO,Starting analysis m: 385 t: 1 e: 22
1387693557,WARN,Disabling IridiumMessageSender transmissions
1387694807,INFO,Completed analysis m: 385 t: 1 e: 22
1387694831,INFO,Enabling IridiumMessageSender transmissions
1387744417,INFO,Starting analysis m: 385 t: 1 e: 23
1387744704,WARN,Disabling IridiumMessageSender transmissions
1387746043,INFO,Completed analysis m: 385 t: 1 e: 23
1387746068,INFO,Enabling IridiumMessageSender transmissions
1387788941,INFO,Max CNO changed from 45 to 48
1387795580,INFO,Starting analysis m: 385 t: 1 e: 24
1387795908,WARN,Disabling IridiumMessageSender transmissions
1387797204,INFO,Completed analysis m: 385 t: 1 e: 24
1387797229,INFO,Enabling IridiumMessageSender transmissions
1387846725,INFO,Starting analysis m: 385 t: 1 e: 25
1387847006,WARN,Disabling IridiumMessageSender transmissions
1387848331,INFO,Completed analysis m: 385 t: 1 e: 25
1387848355,INFO,Enabling IridiumMessageSender transmissions
1387869493,INFO,powerData | solV: 7.06
1387869517,INFO,powerData | solI: 0.04
1387869538,INFO,powerData | battV: 4.15
1387869558,INFO,powerData | battI: -0.01
1387869579,INFO,powerData | busV: 4.30
1387869601,INFO,powerData | busI: 0.05
1387869622,INFO,powerData | BQ status reg: 180
1387869642,INFO,powerData | Fault reg: 0
1387869663,INFO,powerData | Charge status: 3
1387869687,INFO,powerData | DPM status: 0
1387897884,INFO,Starting analysis m: 385 t: 1 e: 26
1387898165,WARN,Disabling IridiumMessageSender transmissions
1387899467,INFO,Completed analysis m: 385 t: 1 e: 26
1387899492,INFO,Enabling IridiumMessageSender transmissions
1387949027,INFO,Starting analysis m: 385 t: 1 e: 27
1387949307,WARN,Disabling IridiumMessageSender transmissions
1387950565,INFO,Completed analysis m: 385 t: 1 e: 27
1387950589,INFO,Enabling IridiumMessageSender transmissions
1388000186,INFO,Starting analysis m: 385 t: 1 e: 28
1388000468,WARN,Disabling IridiumMessageSender transmissions
1388001767,INFO,Completed analysis m: 385 t: 1 e: 28
1388001792,INFO,Enabling IridiumMessageSender transmissions
1388051326,INFO,Starting analysis m: 385 t: 1 e: 29
1388051613,WARN,Disabling IridiumMessageSender transmissions
1388052858,INFO,Completed analysis m: 385 t: 1 e: 29
1388052885,INFO,Enabling IridiumMessageSender transmissions
1388102479,INFO,Starting analysis m: 385 t: 1 e: 30
1388102764,WARN,Disabling IridiumMessageSender transmissions
1388104155,INFO,Completed analysis m: 385 t: 1 e: 30
1388104179,INFO,Enabling IridiumMessageSender transmissions
1388153632,INFO,Starting analysis m: 385 t: 1 e: 31
1388153919,WARN,Disabling IridiumMessageSender transmissions
1388155172,INFO,Completed analysis m: 385 t: 1 e: 31
1388155197,INFO,Enabling IridiumMessageSender transmissions
1388169496,INFO,powerData | solV: 7.11
1388169519,INFO,powerData | solI: 0.05
1388169547,INFO,powerData | battV: 4.15
1388169570,INFO,powerData | battI: -0.01
1388169590,INFO,powerData | busV: 4.30
1388169613,INFO,powerData | busI: 0.05
1388169635,INFO,powerData | BQ status reg: 164
1388169656,INFO,powerData | Fault reg: 0
1388169676,INFO,powerData | Charge status: 2
1388169697,INFO,powerData | DPM status: 0
1388204785,INFO,Starting analysis m: 385 t: 1 e: 32
1388205066,WARN,Disabling IridiumMessageSender transmissions
1388206407,INFO,Completed analysis m: 385 t: 1 e: 32
1388206436,INFO,Processing stats m: 385 t: 1 e: 33
1388212402,INFO,Finished collection for m: 385 in 1748
1388212426,INFO,Submitting 48 byte / 378 bit message: 
1388212482,DEBUG,m 3 sub to Q at i 0 count: 3
1388212504,DEBUG,1 msgs in Q
1388212551,INFO,Enabling IridiumMessageSender transmissions
1388212586,DEBUG,Sending Q index: 0 id: 3
1388224864,INFO,Send complete: Q index: 0 count_id 3
1388264284,INFO,Starting collection m: 386 t: 0 at 1649036191.20
1388283576,INFO,Submitting 19 byte / 150 bit SMC message: 
1388283623,DEBUG,m 4 sub to Q at i 0 count: 4
1388283645,DEBUG,1 msgs in Q
1388283883,DEBUG,Sending Q index: 0 id: 4
1388366231,INFO,Starting analysis m: 386 t: 0 e: 0
1388366557,WARN,Disabling IridiumMessageSender transmissions
1388367609,INFO,Completed analysis m: 386 t: 0 e: 0
1388367634,INFO,Enabling IridiumMessageSender transmissions
1388417380,INFO,Starting analysis m: 386 t: 0 e: 1
1388417662,WARN,Disabling IridiumMessageSender transmissions
1388418979,INFO,Completed analysis m: 386 t: 0 e: 1
1388419008,INFO,Enabling IridiumMessageSender transmissions
1388451268,INFO,Send complete: Q index: 0 count_id 4
1388468535,INFO,Starting analysis m: 386 t: 0 e: 2
1388468824,WARN,Disabling IridiumMessageSender transmissions
1388469551,INFO,powerData | solV: 6.98
1388469573,INFO,powerData | solI: 0.09
1388469594,INFO,powerData | battV: 4.14
1388469616,INFO,powerData | battI: -0.01
1388469639,INFO,powerData | busV: 4.29
1388469661,INFO,powerData | busI: 0.11
1388469684,INFO,powerData | BQ status reg: 180
1388469710,INFO,powerData | Fault reg: 0
1388469731,INFO,powerData | Charge status: 3
1388469751,INFO,powerData | DPM status: 0
1388470337,INFO,Completed analysis m: 386 t: 0 e: 2
1388470362,INFO,Enabling IridiumMessageSender transmissions
1388519684,INFO,Starting analysis m: 386 t: 0 e: 3
1388519964,WARN,Disabling IridiumMessageSender transmissions
1388521222,INFO,Completed analysis m: 386 t: 0 e: 3
1388521246,INFO,Enabling IridiumMessageSender transmissions
1388570839,INFO,Starting analysis m: 386 t: 0 e: 4
1388571131,WARN,Disabling IridiumMessageSender transmissions
1388572381,INFO,Completed analysis m: 386 t: 0 e: 4
1388572405,INFO,Enabling IridiumMessageSender transmissions
1388621996,INFO,Starting analysis m: 386 t: 0 e: 5
1388622280,WARN,Disabling IridiumMessageSender transmissions
1388623579,INFO,Completed analysis m: 386 t: 0 e: 5
1388623603,INFO,Enabling IridiumMessageSender transmissions
1388673146,INFO,Starting analysis m: 386 t: 0 e: 6
1388673435,WARN,Disabling IridiumMessageSender transmissions
1388674744,INFO,Completed analysis m: 386 t: 0 e: 6
1388674766,INFO,Enabling IridiumMessageSender transmissions
1388724287,INFO,Starting analysis m: 386 t: 0 e: 7
1388724568,WARN,Disabling IridiumMessageSender transmissions
1388725825,INFO,Completed analysis m: 386 t: 0 e: 7
1388725850,INFO,Enabling IridiumMessageSender transmissions
1388769554,INFO,powerData | solV: 7.02
1388769576,INFO,powerData | solI: 0.04
1388769597,INFO,powerData | battV: 4.15
1388769617,INFO,powerData | battI: -0.01
1388769634,INFO,powerData | busV: 4.30
1388769656,INFO,powerData | busI: 0.05
1388769677,INFO,powerData | BQ status reg: 180
1388769697,INFO,powerData | Fault reg: 0
1388769718,INFO,powerData | Charge status: 3
1388769738,INFO,powerData | DPM status: 0
1388775448,INFO,Starting analysis m: 386 t: 0 e: 8
1388775729,WARN,Disabling IridiumMessageSender transmissions
1388777074,INFO,Completed analysis m: 386 t: 0 e: 8
1388777097,INFO,Enabling IridiumMessageSender transmissions
1388826605,INFO,Starting analysis m: 386 t: 0 e: 9
1388827004,WARN,Disabling IridiumMessageSender transmissions
1388828461,INFO,Completed analysis m: 386 t: 0 e: 9
1388828485,INFO,Enabling IridiumMessageSender transmissions
1388877744,INFO,Starting analysis m: 386 t: 0 e: 10
1388878026,WARN,Disabling IridiumMessageSender transmissions
1388879278,INFO,Completed analysis m: 386 t: 0 e: 10
1388879302,INFO,Enabling IridiumMessageSender transmissions
1388928894,INFO,Starting analysis m: 386 t: 0 e: 11
1388929181,WARN,Disabling IridiumMessageSender transmissions
1388930486,INFO,Completed analysis m: 386 t: 0 e: 11
1388930510,INFO,Enabling IridiumMessageSender transmissions
1388980047,INFO,Starting analysis m: 386 t: 0 e: 12
1388980330,WARN,Disabling IridiumMessageSender transmissions
1388981581,INFO,Completed analysis m: 386 t: 0 e: 12
1388981606,INFO,Enabling IridiumMessageSender transmissions
1389007781,INFO,Max CNO changed from 48 to 45
1389027758,INFO,Max CNO changed from 45 to 48
1389031200,INFO,Starting analysis m: 386 t: 0 e: 13
1389031487,WARN,Disabling IridiumMessageSender transmissions
1389032738,INFO,Completed analysis m: 386 t: 0 e: 13
1389032763,INFO,Enabling IridiumMessageSender transmissions
1389069555,INFO,powerData | solV: 7.01
1389069578,INFO,powerData | solI: 0.05
1389069600,INFO,powerData | battV: 4.15
1389069621,INFO,powerData | battI: -0.01
1389069641,INFO,powerData | busV: 4.30
1389069662,INFO,powerData | busI: 0.06
1389069684,INFO,powerData | BQ status reg: 164
1389069709,INFO,powerData | Fault reg: 0
1389069729,INFO,powerData | Charge status: 2
1389069750,INFO,powerData | DPM status: 0
1389082374,INFO,Starting analysis m: 386 t: 0 e: 14
1389082660,WARN,Disabling IridiumMessageSender transmissions
1389083949,INFO,Completed analysis m: 386 t: 0 e: 14
1389083973,INFO,Enabling IridiumMessageSender transmissions
1389133504,INFO,Starting analysis m: 386 t: 0 e: 15
1389133787,WARN,Disabling IridiumMessageSender transmissions
1389135042,INFO,Completed analysis m: 386 t: 0 e: 15
1389135071,INFO,Enabling IridiumMessageSender transmissions
1389184653,INFO,Starting analysis m: 386 t: 0 e: 16
1389184942,WARN,Disabling IridiumMessageSender transmissions
1389186248,INFO,Completed analysis m: 386 t: 0 e: 16
1389186273,INFO,Enabling IridiumMessageSender transmissions
1389235806,INFO,Starting analysis m: 386 t: 0 e: 17
1389236088,WARN,Disabling IridiumMessageSender transmissions
1389237434,INFO,Completed analysis m: 386 t: 0 e: 17
1389237458,INFO,Enabling IridiumMessageSender transmissions
1389286955,INFO,Starting analysis m: 386 t: 0 e: 18
1389287241,WARN,Disabling IridiumMessageSender transmissions
1389288626,INFO,Completed analysis m: 386 t: 0 e: 18
1389288650,INFO,Enabling IridiumMessageSender transmissions
1389307500,INFO,Max CNO changed from 48 to 45
1389338128,INFO,Starting analysis m: 386 t: 0 e: 19
1389338421,WARN,Disabling IridiumMessageSender transmissions
1389339711,INFO,Completed analysis m: 386 t: 0 e: 19
1389339736,INFO,Enabling IridiumMessageSender transmissions
1389347454,INFO,Max CNO changed from 45 to 48
1389369565,INFO,powerData | solV: 7.05
1389369589,INFO,powerData | solI: 0.05
1389369616,INFO,powerData | battV: 4.15
1389369636,INFO,powerData | battI: -0.01
1389369657,INFO,powerData | busV: 4.30
1389369677,INFO,powerData | busI: 0.05
1389369700,INFO,powerData | BQ status reg: 180
1389369720,INFO,powerData | Fault reg: 0
1389369741,INFO,powerData | Charge status: 3
1389369761,INFO,powerData | DPM status: 0
1389389256,INFO,Starting analysis m: 386 t: 0 e: 20
1389389541,WARN,Disabling IridiumMessageSender transmissions
1389390794,INFO,Completed analysis m: 386 t: 0 e: 20
1389390819,INFO,Enabling IridiumMessageSender transmissions
1389440407,INFO,Starting analysis m: 386 t: 0 e: 21
1389440698,WARN,Disabling IridiumMessageSender transmissions
1389442000,INFO,Completed analysis m: 386 t: 0 e: 21
1389442025,INFO,Enabling IridiumMessageSender transmissions
1389491564,INFO,Starting analysis m: 386 t: 0 e: 22
1389491847,WARN,Disabling IridiumMessageSender transmissions
1389493149,INFO,Completed analysis m: 386 t: 0 e: 22
1389493174,INFO,Enabling IridiumMessageSender transmissions
1389542711,INFO,Starting analysis m: 386 t: 0 e: 23
1389542998,WARN,Disabling IridiumMessageSender transmissions
1389544243,INFO,Completed analysis m: 386 t: 0 e: 23
1389544267,INFO,Enabling IridiumMessageSender transmissions
1389593864,INFO,Starting analysis m: 386 t: 0 e: 24
1389594146,WARN,Disabling IridiumMessageSender transmissions
1389595455,INFO,Completed analysis m: 386 t: 0 e: 24
1389595480,INFO,Enabling IridiumMessageSender transmissions
1389645015,INFO,Starting analysis m: 386 t: 0 e: 25
1389645295,WARN,Disabling IridiumMessageSender transmissions
1389646542,INFO,Completed analysis m: 386 t: 0 e: 25
1389646569,INFO,Enabling IridiumMessageSender transmissions
1389669570,INFO,powerData | solV: 6.96
1389669593,INFO,powerData | solI: 0.04
1389669613,INFO,powerData | battV: 4.15
1389669634,INFO,powerData | battI: -0.01
1389669654,INFO,powerData | busV: 4.30
1389669672,INFO,powerData | busI: 0.05
1389669695,INFO,powerData | BQ status reg: 180
1389669718,INFO,powerData | Fault reg: 0
1389669742,INFO,powerData | Charge status: 3
1389669763,INFO,powerData | DPM status: 0
1389696167,INFO,Starting analysis m: 386 t: 0 e: 26
1389696448,WARN,Disabling IridiumMessageSender transmissions
1389697755,INFO,Completed analysis m: 386 t: 0 e: 26
1389697779,INFO,Enabling IridiumMessageSender transmissions
1389747326,INFO,Starting analysis m: 386 t: 0 e: 27
1389747613,WARN,Disabling IridiumMessageSender transmissions
1389748965,INFO,Completed analysis m: 386 t: 0 e: 27
1389748989,INFO,Enabling IridiumMessageSender transmissions
1389798483,INFO,Starting analysis m: 386 t: 0 e: 28
1389798787,WARN,Disabling IridiumMessageSender transmissions
1389800095,INFO,Completed analysis m: 386 t: 0 e: 28
1389800122,INFO,Enabling IridiumMessageSender transmissions
1389849624,INFO,Starting analysis m: 386 t: 0 e: 29
1389849905,WARN,Disabling IridiumMessageSender transmissions
1389851170,INFO,Completed analysis m: 386 t: 0 e: 29
1389851195,INFO,Enabling IridiumMessageSender transmissions
1389900771,INFO,Starting analysis m: 386 t: 0 e: 30
1389901051,WARN,Disabling IridiumMessageSender transmissions
1389902432,INFO,Completed analysis m: 386 t: 0 e: 30
1389902456,INFO,Enabling IridiumMessageSender transmissions
1389951932,INFO,Starting analysis m: 386 t: 0 e: 31
1389952219,WARN,Disabling IridiumMessageSender transmissions
1389953521,INFO,Completed analysis m: 386 t: 0 e: 31
1389953548,INFO,Enabling IridiumMessageSender transmissions
1389969573,INFO,powerData | solV: 7.09
1389969596,INFO,powerData | solI: 0.04
1389969616,INFO,powerData | battV: 4.15
1389969637,INFO,powerData | battI: -0.01
1389969657,INFO,powerData | busV: 4.30
1389969680,INFO,powerData | busI: 0.05
1389969700,INFO,powerData | BQ status reg: 180
1389969721,INFO,powerData | Fault reg: 0
1389969741,INFO,powerData | Charge status: 3
1389969762,INFO,powerData | DPM status: 0
1390003077,INFO,Starting analysis m: 386 t: 0 e: 32
1390003355,WARN,Disabling IridiumMessageSender transmissions
1390004609,INFO,Completed analysis m: 386 t: 0 e: 32
1390004635,INFO,Processing stats m: 386 t: 0 e: 33
1390011537,INFO,Enabling IridiumMessageSender transmissions
1390062569,INFO,Starting collection m: 386 t: 1 at 1649037991.20
1390164535,INFO,Starting analysis m: 386 t: 1 e: 0
1390164815,WARN,Disabling IridiumMessageSender transmissions
1390165866,INFO,Completed analysis m: 386 t: 1 e: 0
1390165895,INFO,Enabling IridiumMessageSender transmissions
1390215680,INFO,Starting analysis m: 386 t: 1 e: 1
1390215962,WARN,Disabling IridiumMessageSender transmissions
1390217205,INFO,Completed analysis m: 386 t: 1 e: 1
1390217230,INFO,Enabling IridiumMessageSender transmissions
1390266832,INFO,Starting analysis m: 386 t: 1 e: 2
1390267113,WARN,Disabling IridiumMessageSender transmissions
1390268418,INFO,Completed analysis m: 386 t: 1 e: 2
1390268442,INFO,Enabling IridiumMessageSender transmissions
1390269605,INFO,powerData | solV: 7.10
1390269628,INFO,powerData | solI: 0.04
1390269648,INFO,powerData | battV: 4.15
1390269669,INFO,powerData | battI: -0.01
1390269691,INFO,powerData | busV: 4.30
1390269712,INFO,powerData | busI: 0.05
1390269732,INFO,powerData | BQ status reg: 180
1390269755,INFO,powerData | Fault reg: 0
1390269775,INFO,powerData | Charge status: 3
1390269796,INFO,powerData | DPM status: 0
1390317973,INFO,Starting analysis m: 386 t: 1 e: 3
1390318262,WARN,Disabling IridiumMessageSender transmissions
1390319611,INFO,Completed analysis m: 386 t: 1 e: 3
1390319634,INFO,Enabling IridiumMessageSender transmissions
1390369128,INFO,Starting analysis m: 386 t: 1 e: 4
1390369413,WARN,Disabling IridiumMessageSender transmissions
1390370670,INFO,Completed analysis m: 386 t: 1 e: 4
1390370695,INFO,Enabling IridiumMessageSender transmissions
1390420285,INFO,Starting analysis m: 386 t: 1 e: 5
1390420574,WARN,Disabling IridiumMessageSender transmissions
1390421823,INFO,Completed analysis m: 386 t: 1 e: 5
1390421852,INFO,Enabling IridiumMessageSender transmissions
1390471430,INFO,Starting analysis m: 386 t: 1 e: 6
1390471712,WARN,Disabling IridiumMessageSender transmissions
1390473021,INFO,Completed analysis m: 386 t: 1 e: 6
1390473043,INFO,Enabling IridiumMessageSender transmissions
1390522578,INFO,Starting analysis m: 386 t: 1 e: 7
1390522865,WARN,Disabling IridiumMessageSender transmissions
1390524188,INFO,Completed analysis m: 386 t: 1 e: 7
1390524211,INFO,Enabling IridiumMessageSender transmissions
1390569609,INFO,powerData | solV: 7.16
1390569631,INFO,powerData | solI: 0.05
1390569656,INFO,powerData | battV: 4.15
1390569680,INFO,powerData | battI: -0.01
1390569701,INFO,powerData | busV: 4.30
1390569721,INFO,powerData | busI: 0.05
1390569742,INFO,powerData | BQ status reg: 180
1390569762,INFO,powerData | Fault reg: 0
1390569785,INFO,powerData | Charge status: 3
1390569805,INFO,powerData | DPM status: 0
1390573729,INFO,Starting analysis m: 386 t: 1 e: 8
1390574014,WARN,Disabling IridiumMessageSender transmissions
1390575265,INFO,Completed analysis m: 386 t: 1 e: 8
1390575290,INFO,Enabling IridiumMessageSender transmissions
1390624890,INFO,Starting analysis m: 386 t: 1 e: 9
1390625177,WARN,Disabling IridiumMessageSender transmissions
1390626709,INFO,Completed analysis m: 386 t: 1 e: 9
1390626734,INFO,Enabling IridiumMessageSender transmissions
1390676031,INFO,Starting analysis m: 386 t: 1 e: 10
1390676312,WARN,Disabling IridiumMessageSender transmissions
1390677571,INFO,Completed analysis m: 386 t: 1 e: 10
1390677596,INFO,Enabling IridiumMessageSender transmissions
1390727190,INFO,Starting analysis m: 386 t: 1 e: 11
1390727473,WARN,Disabling IridiumMessageSender transmissions
1390728732,INFO,Completed analysis m: 386 t: 1 e: 11
1390728757,INFO,Enabling IridiumMessageSender transmissions
1390778345,INFO,Starting analysis m: 386 t: 1 e: 12
1390778634,WARN,Disabling IridiumMessageSender transmissions
1390779996,INFO,Completed analysis m: 386 t: 1 e: 12
1390780024,INFO,Enabling IridiumMessageSender transmissions
1390829508,INFO,Starting analysis m: 386 t: 1 e: 13
1390829797,WARN,Disabling IridiumMessageSender transmissions
1390831089,INFO,Completed analysis m: 386 t: 1 e: 13
1390831114,INFO,Enabling IridiumMessageSender transmissions
1390869618,INFO,powerData | solV: 7.14
1390869641,INFO,powerData | solI: 0.04
1390869661,INFO,powerData | battV: 4.15
1390869682,INFO,powerData | battI: -0.01
1390869702,INFO,powerData | busV: 4.30
1390869723,INFO,powerData | busI: 0.04
1390869753,INFO,powerData | BQ status reg: 180
1390869778,INFO,powerData | Fault reg: 0
1390869803,INFO,powerData | Charge status: 3
1390869823,INFO,powerData | DPM status: 0
1390880647,INFO,Starting analysis m: 386 t: 1 e: 14
1390880933,WARN,Disabling IridiumMessageSender transmissions
1390882183,INFO,Completed analysis m: 386 t: 1 e: 14
1390882207,INFO,Enabling IridiumMessageSender transmissions
1390931798,INFO,Starting analysis m: 386 t: 1 e: 15
1390932080,WARN,Disabling IridiumMessageSender transmissions
1390933385,INFO,Completed analysis m: 386 t: 1 e: 15
1390933409,INFO,Enabling IridiumMessageSender transmissions
1390982942,INFO,Starting analysis m: 386 t: 1 e: 16
1390983229,WARN,Disabling IridiumMessageSender transmissions
1390984529,INFO,Completed analysis m: 386 t: 1 e: 16
1390984554,INFO,Enabling IridiumMessageSender transmissions
1391034093,INFO,Starting analysis m: 386 t: 1 e: 17
1391034376,WARN,Disabling IridiumMessageSender transmissions
1391035688,INFO,Completed analysis m: 386 t: 1 e: 17
1391035707,INFO,Enabling IridiumMessageSender transmissions
1391085252,INFO,Starting analysis m: 386 t: 1 e: 18
1391085541,WARN,Disabling IridiumMessageSender transmissions
1391086735,INFO,Completed analysis m: 386 t: 1 e: 18
1391086761,INFO,Enabling IridiumMessageSender transmissions
1391136395,INFO,Starting analysis m: 386 t: 1 e: 19
1391136679,WARN,Disabling IridiumMessageSender transmissions
1391137935,INFO,Completed analysis m: 386 t: 1 e: 19
1391137964,INFO,Enabling IridiumMessageSender transmissions
1391169622,INFO,powerData | solV: 6.94
1391169644,INFO,powerData | solI: 0.05
1391169665,INFO,powerData | battV: 4.14
1391169685,INFO,powerData | battI: -0.01
1391169705,INFO,powerData | busV: 4.30
1391169726,INFO,powerData | busI: 0.05
1391169748,INFO,powerData | BQ status reg: 180
1391169769,INFO,powerData | Fault reg: 0
1391169792,INFO,powerData | Charge status: 3
1391169812,INFO,powerData | DPM status: 0
1391187546,INFO,Starting analysis m: 386 t: 1 e: 20
1391187830,WARN,Disabling IridiumMessageSender transmissions
1391189086,INFO,Completed analysis m: 386 t: 1 e: 20
1391189110,INFO,Enabling IridiumMessageSender transmissions
1391238701,INFO,Starting analysis m: 386 t: 1 e: 21
1391238981,WARN,Disabling IridiumMessageSender transmissions
1391240335,INFO,Completed analysis m: 386 t: 1 e: 21
1391240359,INFO,Enabling IridiumMessageSender transmissions
1391289849,INFO,Starting analysis m: 386 t: 1 e: 22
1391290169,WARN,Disabling IridiumMessageSender transmissions
1391291488,INFO,Completed analysis m: 386 t: 1 e: 22
1391291510,INFO,Enabling IridiumMessageSender transmissions
1391341002,INFO,Starting analysis m: 386 t: 1 e: 23
1391341289,WARN,Disabling IridiumMessageSender transmissions
1391342536,INFO,Completed analysis m: 386 t: 1 e: 23
1391342561,INFO,Enabling IridiumMessageSender transmissions
1391365531,INFO,Max CNO changed from 48 to 51
1391392159,INFO,Starting analysis m: 386 t: 1 e: 24
1391392440,WARN,Disabling IridiumMessageSender transmissions
1391393699,INFO,Completed analysis m: 386 t: 1 e: 24
1391393724,INFO,Enabling IridiumMessageSender transmissions
1391425484,INFO,Max CNO changed from 51 to 48
1391443304,INFO,Starting analysis m: 386 t: 1 e: 25
1391443585,WARN,Disabling IridiumMessageSender transmissions
1391444838,INFO,Completed analysis m: 386 t: 1 e: 25
1391444862,INFO,Enabling IridiumMessageSender transmissions
1391469623,INFO,powerData | solV: 7.07
1391469647,INFO,powerData | solI: 0.05
1391469668,INFO,powerData | battV: 4.15
1391469692,INFO,powerData | battI: -0.01
1391469713,INFO,powerData | busV: 4.30
1391469733,INFO,powerData | busI: 0.05
1391469754,INFO,powerData | BQ status reg: 180
1391469774,INFO,powerData | Fault reg: 0
1391469795,INFO,powerData | Charge status: 3
1391469815,INFO,powerData | DPM status: 0
1391494455,INFO,Starting analysis m: 386 t: 1 e: 26
1391494742,WARN,Disabling IridiumMessageSender transmissions
1391496046,INFO,Completed analysis m: 386 t: 1 e: 26
1391496071,INFO,Enabling IridiumMessageSender transmissions
1391545610,INFO,Starting analysis m: 386 t: 1 e: 27
1391545890,WARN,Disabling IridiumMessageSender transmissions
1391547205,INFO,Completed analysis m: 386 t: 1 e: 27
1391547230,INFO,Enabling IridiumMessageSender transmissions
1391596765,INFO,Starting analysis m: 386 t: 1 e: 28
1391597051,WARN,Disabling IridiumMessageSender transmissions
1391598305,INFO,Completed analysis m: 386 t: 1 e: 28
1391598329,INFO,Enabling IridiumMessageSender transmissions
1391647909,INFO,Starting analysis m: 386 t: 1 e: 29
1391648196,WARN,Disabling IridiumMessageSender transmissions
1391649454,INFO,Completed analysis m: 386 t: 1 e: 29
1391649476,INFO,Enabling IridiumMessageSender transmissions
1391699058,INFO,Starting analysis m: 386 t: 1 e: 30
1391699341,WARN,Disabling IridiumMessageSender transmissions
1391700768,INFO,Completed analysis m: 386 t: 1 e: 30
1391700793,INFO,Enabling IridiumMessageSender transmissions
1391750221,INFO,Starting analysis m: 386 t: 1 e: 31
1391750510,WARN,Disabling IridiumMessageSender transmissions
1391751854,INFO,Completed analysis m: 386 t: 1 e: 31
1391751878,INFO,Enabling IridiumMessageSender transmissions
1391769632,INFO,powerData | solV: 6.78
1391769655,INFO,powerData | solI: 0.05
1391769675,INFO,powerData | battV: 4.14
1391769698,INFO,powerData | battI: -0.01
1391769724,INFO,powerData | busV: 4.30
1391769747,INFO,powerData | busI: 0.05
1391769767,INFO,powerData | BQ status reg: 180
1391769788,INFO,powerData | Fault reg: 0
1391769808,INFO,powerData | Charge status: 3
1391769835,INFO,powerData | DPM status: 0
1391801376,INFO,Starting analysis m: 386 t: 1 e: 32
1391801661,WARN,Disabling IridiumMessageSender transmissions
1391802970,INFO,Completed analysis m: 386 t: 1 e: 32
1391802994,INFO,Processing stats m: 386 t: 1 e: 33
1391808868,INFO,Finished collection for m: 386 in 1747
1391808894,INFO,Submitting 48 byte / 378 bit message: 
1391808950,DEBUG,m 5 sub to Q at i 0 count: 5
1391808972,DEBUG,1 msgs in Q
1391809019,INFO,Enabling IridiumMessageSender transmissions
1391809058,DEBUG,Sending Q index: 0 id: 5
1391824029,INFO,Send complete: Q index: 0 count_id 5
1391860856,INFO,Starting collection m: 387 t: 0 at 1649039791.20
1391879665,INFO,Submitting 19 byte / 150 bit SMC message: 
1391879708,DEBUG,m 6 sub to Q at i 0 count: 6
1391879731,DEBUG,1 msgs in Q
1391879882,DEBUG,Sending Q index: 0 id: 6
1391887704,INFO,Send complete: Q index: 0 count_id 6
1391962806,INFO,Starting analysis m: 387 t: 0 e: 0
1391963092,WARN,Disabling IridiumMessageSender transmissions
1391964143,INFO,Completed analysis m: 387 t: 0 e: 0
1391964168,INFO,Enabling IridiumMessageSender transmissions
1392013977,INFO,Starting analysis m: 387 t: 0 e: 1
1392014260,WARN,Disabling IridiumMessageSender transmissions
1392015556,INFO,Completed analysis m: 387 t: 0 e: 1
1392015583,INFO,Enabling IridiumMessageSender transmissions
1392065114,INFO,Starting analysis m: 387 t: 0 e: 2
1392065402,WARN,Disabling IridiumMessageSender transmissions
1392066705,INFO,Completed analysis m: 387 t: 0 e: 2
1392066736,INFO,Enabling IridiumMessageSender transmissions
1392069642,INFO,powerData | solV: 7.02
1392069664,INFO,powerData | solI: 0.04
1392069687,INFO,powerData | battV: 4.15
1392069709,INFO,powerData | battI: -0.01
1392069732,INFO,powerData | busV: 4.30
1392069754,INFO,powerData | busI: 0.05
1392069775,INFO,powerData | BQ status reg: 180
1392069797,INFO,powerData | Fault reg: 0
1392069822,INFO,powerData | Charge status: 3
1392069847,INFO,powerData | DPM status: 0
1392116262,INFO,Starting analysis m: 387 t: 0 e: 3
1392116545,WARN,Disabling IridiumMessageSender transmissions
1392117811,INFO,Completed analysis m: 387 t: 0 e: 3
1392117835,INFO,Enabling IridiumMessageSender transmissions
1392167426,INFO,Starting analysis m: 387 t: 0 e: 4
1392167714,WARN,Disabling IridiumMessageSender transmissions
1392169015,INFO,Completed analysis m: 387 t: 0 e: 4
1392169041,INFO,Enabling IridiumMessageSender transmissions
1392218576,INFO,Starting analysis m: 387 t: 0 e: 5
1392218867,WARN,Disabling IridiumMessageSender transmissions
1392220168,INFO,Completed analysis m: 387 t: 0 e: 5
1392220192,INFO,Enabling IridiumMessageSender transmissions
1392244705,INFO,Max CNO changed from 48 to 51
1392264683,INFO,Max CNO changed from 51 to 48
1392269723,INFO,Starting analysis m: 387 t: 0 e: 6
1392270012,WARN,Disabling IridiumMessageSender transmissions
1392271310,INFO,Completed analysis m: 387 t: 0 e: 6
1392271335,INFO,Enabling IridiumMessageSender transmissions
1392320878,INFO,Starting analysis m: 387 t: 0 e: 7
1392321167,WARN,Disabling IridiumMessageSender transmissions
1392322521,INFO,Completed analysis m: 387 t: 0 e: 7
1392322545,INFO,Enabling IridiumMessageSender transmissions
1392369649,INFO,powerData | solV: 6.59
1392369674,INFO,powerData | solI: 0.05
1392369694,INFO,powerData | battV: 4.14
1392369717,INFO,powerData | battI: -0.01
1392369739,INFO,powerData | busV: 4.29
1392369762,INFO,powerData | busI: 0.05
1392369782,INFO,powerData | BQ status reg: 180
1392369809,INFO,powerData | Fault reg: 0
1392369831,INFO,powerData | Charge status: 3
1392369854,INFO,powerData | DPM status: 0
1392372043,INFO,Starting analysis m: 387 t: 0 e: 8
1392372342,WARN,Disabling IridiumMessageSender transmissions
1392373643,INFO,Completed analysis m: 387 t: 0 e: 8
1392373667,INFO,Enabling IridiumMessageSender transmissions
1392423170,INFO,Starting analysis m: 387 t: 0 e: 9
1392423452,WARN,Disabling IridiumMessageSender transmissions
1392425000,INFO,Completed analysis m: 387 t: 0 e: 9
1392425031,INFO,Enabling IridiumMessageSender transmissions
1392474320,INFO,Starting analysis m: 387 t: 0 e: 10
1392474601,WARN,Disabling IridiumMessageSender transmissions
1392475867,INFO,Completed analysis m: 387 t: 0 e: 10
1392475893,INFO,Enabling IridiumMessageSender transmissions
1392525481,INFO,Starting analysis m: 387 t: 0 e: 11
1392525768,WARN,Disabling IridiumMessageSender transmissions
1392527073,INFO,Completed analysis m: 387 t: 0 e: 11
1392527097,INFO,Enabling IridiumMessageSender transmissions
1392576634,INFO,Starting analysis m: 387 t: 0 e: 12
1392576917,WARN,Disabling IridiumMessageSender transmissions
1392578220,INFO,Completed analysis m: 387 t: 0 e: 12
1392578244,INFO,Enabling IridiumMessageSender transmissions
1392627775,INFO,Starting analysis m: 387 t: 0 e: 13
1392628064,WARN,Disabling IridiumMessageSender transmissions
1392629372,INFO,Completed analysis m: 387 t: 0 e: 13
1392629397,INFO,Enabling IridiumMessageSender transmissions
1392669650,INFO,powerData | solV: 6.97
1392669681,INFO,powerData | solI: 0.04
1392669704,INFO,powerData | battV: 4.14
1392669726,INFO,powerData | battI: -0.01
1392669747,INFO,powerData | busV: 4.30
1392669769,INFO,powerData | busI: 0.04
1392669794,INFO,powerData | BQ status reg: 180
1392669814,INFO,powerData | Fault reg: 0
1392669837,INFO,powerData | Charge status: 3
1392669859,INFO,powerData | DPM status: 0
1392678924,INFO,Starting analysis m: 387 t: 0 e: 14
1392679208,WARN,Disabling IridiumMessageSender transmissions
1392680523,INFO,Completed analysis m: 387 t: 0 e: 14
1392680554,INFO,Enabling IridiumMessageSender transmissions
1392730087,INFO,Starting analysis m: 387 t: 0 e: 15
1392730368,WARN,Disabling IridiumMessageSender transmissions
1392731668,INFO,Completed analysis m: 387 t: 0 e: 15
1392731693,INFO,Enabling IridiumMessageSender transmissions
1392781228,INFO,Starting analysis m: 387 t: 0 e: 16
1392781514,WARN,Disabling IridiumMessageSender transmissions
1392782860,INFO,Completed analysis m: 387 t: 0 e: 16
1392782884,INFO,Enabling IridiumMessageSender transmissions
1392832380,INFO,Starting analysis m: 387 t: 0 e: 17
1392832700,WARN,Disabling IridiumMessageSender transmissions
1392834007,INFO,Completed analysis m: 387 t: 0 e: 17
1392834031,INFO,Enabling IridiumMessageSender transmissions
1392864108,INFO,Max CNO changed from 48 to 51
1392883531,INFO,Starting analysis m: 387 t: 0 e: 18
1392883818,WARN,Disabling IridiumMessageSender transmissions
1392885024,INFO,Completed analysis m: 387 t: 0 e: 18
1392885053,INFO,Enabling IridiumMessageSender transmissions
1392924051,INFO,Max CNO changed from 51 to 48
1392934680,INFO,Starting analysis m: 387 t: 0 e: 19
1392934961,WARN,Disabling IridiumMessageSender transmissions
1392936212,INFO,Completed analysis m: 387 t: 0 e: 19
1392936239,INFO,Enabling IridiumMessageSender transmissions
1392969658,INFO,powerData | solV: 7.05
1392969680,INFO,powerData | solI: 0.05
1392969701,INFO,powerData | battV: 4.14
1392969723,INFO,powerData | battI: -0.01
1392969744,INFO,powerData | busV: 4.30
1392969773,INFO,powerData | busI: 0.05
1392969797,INFO,powerData | BQ status reg: 180
1392969818,INFO,powerData | Fault reg: 0
1392969840,INFO,powerData | Charge status: 3
1392969861,INFO,powerData | DPM status: 0
1392985833,INFO,Starting analysis m: 387 t: 0 e: 20
1392986114,WARN,Disabling IridiumMessageSender transmissions
1392987375,INFO,Completed analysis m: 387 t: 0 e: 20
1392987400,INFO,Enabling IridiumMessageSender transmissions
1393036986,INFO,Starting analysis m: 387 t: 0 e: 21
1393037279,WARN,Disabling IridiumMessageSender transmissions
1393038530,INFO,Completed analysis m: 387 t: 0 e: 21
1393038555,INFO,Enabling IridiumMessageSender transmissions
1393088131,INFO,Starting analysis m: 387 t: 0 e: 22
1393088413,WARN,Disabling IridiumMessageSender transmissions
1393089669,INFO,Completed analysis m: 387 t: 0 e: 22
1393089695,INFO,Enabling IridiumMessageSender transmissions
1393139294,INFO,Starting analysis m: 387 t: 0 e: 23
1393139582,WARN,Disabling IridiumMessageSender transmissions
1393140887,INFO,Completed analysis m: 387 t: 0 e: 23
1393140914,INFO,Enabling IridiumMessageSender transmissions
1393190451,INFO,Starting analysis m: 387 t: 0 e: 24
1393190731,WARN,Disabling IridiumMessageSender transmissions
1393192034,INFO,Completed analysis m: 387 t: 0 e: 24
1393192058,INFO,Enabling IridiumMessageSender transmissions
1393241593,INFO,Starting analysis m: 387 t: 0 e: 25
1393241874,WARN,Disabling IridiumMessageSender transmissions
1393243222,INFO,Completed analysis m: 387 t: 0 e: 25
1393243250,INFO,Enabling IridiumMessageSender transmissions
1393269667,INFO,powerData | solV: 6.44
1393269690,INFO,powerData | solI: 0.04
1393269710,INFO,powerData | battV: 4.14
1393269733,INFO,powerData | battI: -0.01
1393269753,INFO,powerData | busV: 4.29
1393269776,INFO,powerData | busI: 0.05
1393269796,INFO,powerData | BQ status reg: 180
1393269819,INFO,powerData | Fault reg: 0
1393269839,INFO,powerData | Charge status: 3
1393269862,INFO,powerData | DPM status: 0
1393292756,INFO,Starting analysis m: 387 t: 0 e: 26
1393293086,WARN,Disabling IridiumMessageSender transmissions
1393294381,INFO,Completed analysis m: 387 t: 0 e: 26
1393294405,INFO,Enabling IridiumMessageSender transmissions
1393343903,INFO,Starting analysis m: 387 t: 0 e: 27
1393344186,WARN,Disabling IridiumMessageSender transmissions
1393345490,INFO,Completed analysis m: 387 t: 0 e: 27
1393345515,INFO,Enabling IridiumMessageSender transmissions
1393395044,INFO,Starting analysis m: 387 t: 0 e: 28
1393395326,WARN,Disabling IridiumMessageSender transmissions
1393396637,INFO,Completed analysis m: 387 t: 0 e: 28
1393396662,INFO,Enabling IridiumMessageSender transmissions
1393446195,INFO,Starting analysis m: 387 t: 0 e: 29
1393446475,WARN,Disabling IridiumMessageSender transmissions
1393447739,INFO,Completed analysis m: 387 t: 0 e: 29
1393447763,INFO,Enabling IridiumMessageSender transmissions
1393497352,INFO,Starting analysis m: 387 t: 0 e: 30
1393497638,WARN,Disabling IridiumMessageSender transmissions
1393499023,INFO,Completed analysis m: 387 t: 0 e: 30
1393499047,INFO,Enabling IridiumMessageSender transmissions
1393548498,INFO,Starting analysis m: 387 t: 0 e: 31
1393548781,WARN,Disabling IridiumMessageSender transmissions
1393550039,INFO,Completed analysis m: 387 t: 0 e: 31
1393550063,INFO,Enabling IridiumMessageSender transmissions
1393569669,INFO,powerData | solV: 6.36
1393569691,INFO,powerData | solI: 0.05
1393569714,INFO,powerData | battV: 4.14
1393569734,INFO,powerData | battI: -0.02
1393569759,INFO,powerData | busV: 4.27
1393569779,INFO,powerData | busI: 0.06
1393569800,INFO,powerData | BQ status reg: 180
1393569822,INFO,powerData | Fault reg: 0
1393569843,INFO,powerData | Charge status: 3
1393569865,INFO,powerData | DPM status: 0
1393599649,INFO,Starting analysis m: 387 t: 0 e: 32
1393599930,WARN,Disabling IridiumMessageSender transmissions
1393601247,INFO,Completed analysis m: 387 t: 0 e: 32
1393601271,INFO,Processing stats m: 387 t: 0 e: 33
1393607421,INFO,Enabling IridiumMessageSender transmissions
1393659140,INFO,Starting collection m: 387 t: 1 at 1649041591.20
1393761105,INFO,Starting analysis m: 387 t: 1 e: 0
1393761392,WARN,Disabling IridiumMessageSender transmissions
1393762441,INFO,Completed analysis m: 387 t: 1 e: 0
1393762465,INFO,Enabling IridiumMessageSender transmissions
1393812244,INFO,Starting analysis m: 387 t: 1 e: 1
1393812525,WARN,Disabling IridiumMessageSender transmissions
1393813866,INFO,Completed analysis m: 387 t: 1 e: 1
1393813891,INFO,Enabling IridiumMessageSender transmissions
1393863401,INFO,Starting analysis m: 387 t: 1 e: 2
1393863688,WARN,Disabling IridiumMessageSender transmissions
1393865035,INFO,Completed analysis m: 387 t: 1 e: 2
1393865060,INFO,Enabling IridiumMessageSender transmissions
1393869672,INFO,powerData | solV: 6.32
1393869697,INFO,powerData | solI: 0.04
1393869723,INFO,powerData | battV: 4.14
1393869746,INFO,powerData | battI: -0.01
1393869766,INFO,powerData | busV: 4.28
1393869789,INFO,powerData | busI: 0.05
1393869813,INFO,powerData | BQ status reg: 180
1393869836,INFO,powerData | Fault reg: 0
1393869856,INFO,powerData | Charge status: 3
1393869877,INFO,powerData | DPM status: 0
1393914556,INFO,Starting analysis m: 387 t: 1 e: 3
1393914841,WARN,Disabling IridiumMessageSender transmissions
1393916139,INFO,Completed analysis m: 387 t: 1 e: 3
1393916164,INFO,Enabling IridiumMessageSender transmissions
1393965699,INFO,Starting analysis m: 387 t: 1 e: 4
1393965981,WARN,Disabling IridiumMessageSender transmissions
1393967292,INFO,Completed analysis m: 387 t: 1 e: 4
1393967316,INFO,Enabling IridiumMessageSender transmissions
1394016860,INFO,Starting analysis m: 387 t: 1 e: 5
1394017142,WARN,Disabling IridiumMessageSender transmissions
1394018394,INFO,Completed analysis m: 387 t: 1 e: 5
1394018418,INFO,Enabling IridiumMessageSender transmissions
1394067996,INFO,Starting analysis m: 387 t: 1 e: 6
1394068279,WARN,Disabling IridiumMessageSender transmissions
1394069532,INFO,Completed analysis m: 387 t: 1 e: 6
1394069561,INFO,Enabling IridiumMessageSender transmissions
1394119147,INFO,Starting analysis m: 387 t: 1 e: 7
1394119434,WARN,Disabling IridiumMessageSender transmissions
1394120740,INFO,Completed analysis m: 387 t: 1 e: 7
1394120765,INFO,Enabling IridiumMessageSender transmissions
1394169673,INFO,powerData | solV: 6.18
1394169696,INFO,powerData | solI: 0.04
1394169716,INFO,powerData | battV: 4.14
1394169737,INFO,powerData | battI: -0.02
1394169757,INFO,powerData | busV: 4.27
1394169780,INFO,powerData | busI: 0.05
1394169804,INFO,powerData | BQ status reg: 180
1394169829,INFO,powerData | Fault reg: 0
1394169851,INFO,powerData | Charge status: 3
1394169874,INFO,powerData | DPM status: 0
1394170298,INFO,Starting analysis m: 387 t: 1 e: 8
1394170578,WARN,Disabling IridiumMessageSender transmissions
1394171838,INFO,Completed analysis m: 387 t: 1 e: 8
1394171863,INFO,Enabling IridiumMessageSender transmissions
1394221455,INFO,Starting analysis m: 387 t: 1 e: 9
1394221744,WARN,Disabling IridiumMessageSender transmissions
1394223298,INFO,Completed analysis m: 387 t: 1 e: 9
1394223323,INFO,Enabling IridiumMessageSender transmissions
1394272610,INFO,Starting analysis m: 387 t: 1 e: 10
1394272890,WARN,Disabling IridiumMessageSender transmissions
1394274189,INFO,Completed analysis m: 387 t: 1 e: 10
1394274213,INFO,Enabling IridiumMessageSender transmissions
1394323759,INFO,Starting analysis m: 387 t: 1 e: 11
1394324047,WARN,Disabling IridiumMessageSender transmissions
1394325403,INFO,Completed analysis m: 387 t: 1 e: 11
1394325432,INFO,Enabling IridiumMessageSender transmissions
1394374899,INFO,Starting analysis m: 387 t: 1 e: 12
1394375219,WARN,Disabling IridiumMessageSender transmissions
1394376525,INFO,Completed analysis m: 387 t: 1 e: 12
1394376550,INFO,Enabling IridiumMessageSender transmissions
1394426050,INFO,Starting analysis m: 387 t: 1 e: 13
1394426331,WARN,Disabling IridiumMessageSender transmissions
1394427590,INFO,Completed analysis m: 387 t: 1 e: 13
1394427615,INFO,Enabling IridiumMessageSender transmissions
1394469683,INFO,powerData | solV: 5.70
1394469705,INFO,powerData | solI: 0.09
1394469726,INFO,powerData | battV: 4.15
1394469748,INFO,powerData | battI: 0.04
1394469769,INFO,powerData | busV: 4.15
1394469789,INFO,powerData | busI: 0.05
1394469810,INFO,powerData | BQ status reg: 172
1394469830,INFO,powerData | Fault reg: 0
1394469853,INFO,powerData | Charge status: 2
1394469873,INFO,powerData | DPM status: 1
1394477215,INFO,Starting analysis m: 387 t: 1 e: 14
1394477506,WARN,Disabling IridiumMessageSender transmissions
1394478804,INFO,Completed analysis m: 387 t: 1 e: 14
1394478829,INFO,Enabling IridiumMessageSender transmissions
1394528358,INFO,Starting analysis m: 387 t: 1 e: 15
1394528641,WARN,Disabling IridiumMessageSender transmissions
1394529941,INFO,Completed analysis m: 387 t: 1 e: 15
1394529966,INFO,Enabling IridiumMessageSender transmissions
1394579501,INFO,Starting analysis m: 387 t: 1 e: 16
1394579787,WARN,Disabling IridiumMessageSender transmissions
1394581039,INFO,Completed analysis m: 387 t: 1 e: 16
1394581063,INFO,Enabling IridiumMessageSender transmissions
1394630651,INFO,Starting analysis m: 387 t: 1 e: 17
1394630934,WARN,Disabling IridiumMessageSender transmissions
1394632187,INFO,Completed analysis m: 387 t: 1 e: 17
1394632212,INFO,Enabling IridiumMessageSender transmissions
1394681812,INFO,Starting analysis m: 387 t: 1 e: 18
1394682095,WARN,Disabling IridiumMessageSender transmissions
1394683297,INFO,Completed analysis m: 387 t: 1 e: 18
1394683330,INFO,Enabling IridiumMessageSender transmissions
1394732961,INFO,Starting analysis m: 387 t: 1 e: 19
1394733250,WARN,Disabling IridiumMessageSender transmissions
1394734548,INFO,Completed analysis m: 387 t: 1 e: 19
1394734573,INFO,Enabling IridiumMessageSender transmissions
1394769702,INFO,powerData | solV: 5.69
1394769725,INFO,powerData | solI: 0.08
1394769745,INFO,powerData | battV: 4.15
1394769768,INFO,powerData | battI: 0.02
1394769788,INFO,powerData | busV: 4.14
1394769813,INFO,powerData | busI: 0.06
1394769833,INFO,powerData | BQ status reg: 172
1394769856,INFO,powerData | Fault reg: 0
1394769876,INFO,powerData | Charge status: 2
1394769897,INFO,powerData | DPM status: 1
1394784102,INFO,Starting analysis m: 387 t: 1 e: 20
1394784385,WARN,Disabling IridiumMessageSender transmissions
1394785724,INFO,Completed analysis m: 387 t: 1 e: 20
1394785746,INFO,Enabling IridiumMessageSender transmissions
1394835261,INFO,Starting analysis m: 387 t: 1 e: 21
1394835542,WARN,Disabling IridiumMessageSender transmissions
1394836899,INFO,Completed analysis m: 387 t: 1 e: 21
1394836924,INFO,Enabling IridiumMessageSender transmissions
1394886418,INFO,Starting analysis m: 387 t: 1 e: 22
1394886715,WARN,Disabling IridiumMessageSender transmissions
1394888005,INFO,Completed analysis m: 387 t: 1 e: 22
1394888030,INFO,Enabling IridiumMessageSender transmissions
1394937552,INFO,Starting analysis m: 387 t: 1 e: 23
1394937833,WARN,Disabling IridiumMessageSender transmissions
1394939092,INFO,Completed analysis m: 387 t: 1 e: 23
1394939119,INFO,Enabling IridiumMessageSender transmissions
1394988711,INFO,Starting analysis m: 387 t: 1 e: 24
1394988998,WARN,Disabling IridiumMessageSender transmissions
1394990299,INFO,Completed analysis m: 387 t: 1 e: 24
1394990323,INFO,Enabling IridiumMessageSender transmissions
1395039858,INFO,Starting analysis m: 387 t: 1 e: 25
1395040139,WARN,Disabling IridiumMessageSender transmissions
1395041443,INFO,Completed analysis m: 387 t: 1 e: 25
1395041470,INFO,Enabling IridiumMessageSender transmissions
1395069710,INFO,powerData | solV: 5.69
1395069734,INFO,powerData | solI: 0.07
1395069761,INFO,powerData | battV: 4.15
1395069782,INFO,powerData | battI: 0.01
1395069802,INFO,powerData | busV: 4.14
1395069822,INFO,powerData | busI: 0.05
1395069843,INFO,powerData | BQ status reg: 172
1395069863,INFO,powerData | Fault reg: 0
1395069886,INFO,powerData | Charge status: 2
1395069908,INFO,powerData | DPM status: 1
1395091001,INFO,Starting analysis m: 387 t: 1 e: 26
1395091294,WARN,Disabling IridiumMessageSender transmissions
1395092594,INFO,Completed analysis m: 387 t: 1 e: 26
1395092619,INFO,Enabling IridiumMessageSender transmissions
1395142160,INFO,Starting analysis m: 387 t: 1 e: 27
1395142440,WARN,Disabling IridiumMessageSender transmissions
1395143747,INFO,Completed analysis m: 387 t: 1 e: 27
1395143772,INFO,Enabling IridiumMessageSender transmissions
1395193300,INFO,Starting analysis m: 387 t: 1 e: 28
1395193589,WARN,Disabling IridiumMessageSender transmissions
1395194847,INFO,Completed analysis m: 387 t: 1 e: 28
1395194871,INFO,Enabling IridiumMessageSender transmissions
1395244457,INFO,Starting analysis m: 387 t: 1 e: 29
1395244740,WARN,Disabling IridiumMessageSender transmissions
1395246045,INFO,Completed analysis m: 387 t: 1 e: 29
1395246069,INFO,Enabling IridiumMessageSender transmissions
1395295598,INFO,Starting analysis m: 387 t: 1 e: 30
1395295979,WARN,Disabling IridiumMessageSender transmissions
1395297316,INFO,Completed analysis m: 387 t: 1 e: 30
1395297345,INFO,Enabling IridiumMessageSender transmissions
1395301750,INFO,Max CNO changed from 48 to 45
1395346747,INFO,Starting analysis m: 387 t: 1 e: 31
1395347066,WARN,Disabling IridiumMessageSender transmissions
1395348377,INFO,Completed analysis m: 387 t: 1 e: 31
1395348402,INFO,Enabling IridiumMessageSender transmissions
1395369719,INFO,powerData | solV: 5.69
1395369742,INFO,powerData | solI: 0.06
1395369762,INFO,powerData | battV: 4.14
1395369783,INFO,powerData | battI: -0.01
1395369807,INFO,powerData | busV: 4.14
1395369830,INFO,powerData | busI: 0.07
1395369854,INFO,powerData | BQ status reg: 172
1395369879,INFO,powerData | Fault reg: 0
1395369900,INFO,powerData | Charge status: 2
1395369920,INFO,powerData | DPM status: 1
1395397904,INFO,Starting analysis m: 387 t: 1 e: 32
1395398184,WARN,Disabling IridiumMessageSender transmissions
1395399493,INFO,Completed analysis m: 387 t: 1 e: 32
1395399516,INFO,Processing stats m: 387 t: 1 e: 33
1395401670,INFO,Max CNO changed from 45 to 48
1395405434,INFO,Finished collection for m: 387 in 1747
1395405459,INFO,Submitting 48 byte / 378 bit message: 
1395405512,DEBUG,m 7 sub to Q at i 0 count: 7
1395405535,DEBUG,1 msgs in Q
1395405582,INFO,Enabling IridiumMessageSender transmissions
1395405619,DEBUG,Sending Q index: 0 id: 7
1395452778,INFO,Send complete: Q index: 0 count_id 7
1395457390,INFO,Starting collection m: 388 t: 0 at 1649043391.20
1395476488,INFO,Submitting 19 byte / 150 bit SMC message: 
1395476535,DEBUG,m 8 sub to Q at i 0 count: 8
1395476559,DEBUG,1 msgs in Q
1395476715,DEBUG,Sending Q index: 0 id: 8
1395513620,INFO,Send complete: Q index: 0 count_id 8
1395559342,INFO,Starting analysis m: 388 t: 0 e: 0
1395559624,WARN,Disabling IridiumMessageSender transmissions
1395560669,INFO,Completed analysis m: 388 t: 0 e: 0
1395560716,INFO,Enabling IridiumMessageSender transmissions
1395610499,INFO,Starting analysis m: 388 t: 0 e: 1
1395610781,WARN,Disabling IridiumMessageSender transmissions
1395612080,INFO,Completed analysis m: 388 t: 0 e: 1
1395612104,INFO,Enabling IridiumMessageSender transmissions
1395661654,INFO,Starting analysis m: 388 t: 0 e: 2
1395661940,WARN,Disabling IridiumMessageSender transmissions
1395663235,INFO,Completed analysis m: 388 t: 0 e: 2
1395663259,INFO,Enabling IridiumMessageSender transmissions
1395669725,INFO,powerData | solV: 5.68
1395669747,INFO,powerData | solI: 0.05
1395669768,INFO,powerData | battV: 4.14
1395669788,INFO,powerData | battI: -0.01
1395669813,INFO,powerData | busV: 4.14
1395669833,INFO,powerData | busI: 0.06
1395669854,INFO,powerData | BQ status reg: 172
1395669874,INFO,powerData | Fault reg: 0
1395669895,INFO,powerData | Charge status: 2
1395669915,INFO,powerData | DPM status: 1
1395712798,INFO,Starting analysis m: 388 t: 0 e: 3
1395713081,WARN,Disabling IridiumMessageSender transmissions
1395714334,INFO,Completed analysis m: 388 t: 0 e: 3
1395714359,INFO,Enabling IridiumMessageSender transmissions
1395763945,INFO,Starting analysis m: 388 t: 0 e: 4
1395764236,WARN,Disabling IridiumMessageSender transmissions
1395765485,INFO,Completed analysis m: 388 t: 0 e: 4
1395765508,INFO,Enabling IridiumMessageSender transmissions
1395815086,INFO,Starting analysis m: 388 t: 0 e: 5
1395815366,WARN,Disabling IridiumMessageSender transmissions
1395816679,INFO,Completed analysis m: 388 t: 0 e: 5
1395816701,INFO,Enabling IridiumMessageSender transmissions
1395866238,INFO,Starting analysis m: 388 t: 0 e: 6
1395866525,WARN,Disabling IridiumMessageSender transmissions
1395867867,INFO,Completed analysis m: 388 t: 0 e: 6
1395867891,INFO,Enabling IridiumMessageSender transmissions
1395917387,INFO,Starting analysis m: 388 t: 0 e: 7
1395917709,WARN,Disabling IridiumMessageSender transmissions
1395919011,INFO,Completed analysis m: 388 t: 0 e: 7
1395919034,INFO,Enabling IridiumMessageSender transmissions
1395968544,INFO,Starting analysis m: 388 t: 0 e: 8
1395968831,WARN,Disabling IridiumMessageSender transmissions
1395969726,INFO,powerData | solV: 5.66
1395969753,INFO,powerData | solI: 0.02
1395969775,INFO,powerData | battV: 4.14
1395969798,INFO,powerData | battI: -0.07
1395969818,INFO,powerData | busV: 4.13
1395969839,INFO,powerData | busI: 0.06
1395969859,INFO,powerData | BQ status reg: 172
1395969880,INFO,powerData | Fault reg: 0
1395969900,INFO,powerData | Charge status: 2
1395969923,INFO,powerData | DPM status: 1
1395970336,INFO,Completed analysis m: 388 t: 0 e: 8
1395970359,INFO,Enabling IridiumMessageSender transmissions
1396019685,INFO,Starting analysis m: 388 t: 0 e: 9
1396020056,WARN,Disabling IridiumMessageSender transmissions
1396021501,INFO,Completed analysis m: 388 t: 0 e: 9
1396021526,INFO,Enabling IridiumMessageSender transmissions
1396070840,INFO,Starting analysis m: 388 t: 0 e: 10
1396071133,WARN,Disabling IridiumMessageSender transmissions
1396072443,INFO,Completed analysis m: 388 t: 0 e: 10
1396072468,INFO,Enabling IridiumMessageSender transmissions
1396121985,INFO,Starting analysis m: 388 t: 0 e: 11
1396122275,WARN,Disabling IridiumMessageSender transmissions
1396123527,INFO,Completed analysis m: 388 t: 0 e: 11
1396123551,INFO,Enabling IridiumMessageSender transmissions
1396173142,INFO,Starting analysis m: 388 t: 0 e: 12
1396173422,WARN,Disabling IridiumMessageSender transmissions
1396174725,INFO,Completed analysis m: 388 t: 0 e: 12
1396174749,INFO,Enabling IridiumMessageSender transmissions
1396224282,INFO,Starting analysis m: 388 t: 0 e: 13
1396224565,WARN,Disabling IridiumMessageSender transmissions
1396225822,INFO,Completed analysis m: 388 t: 0 e: 13
1396225847,INFO,Enabling IridiumMessageSender transmissions
1396269735,INFO,powerData | solV: 5.66
1396269762,INFO,powerData | solI: 0.02
1396269785,INFO,powerData | battV: 4.14
1396269805,INFO,powerData | battI: -0.05
1396269826,INFO,powerData | busV: 4.14
1396269846,INFO,powerData | busI: 0.05
1396269869,INFO,powerData | BQ status reg: 172
1396269889,INFO,powerData | Fault reg: 0
1396269910,INFO,powerData | Charge status: 2
1396269930,INFO,powerData | DPM status: 1
1396275429,INFO,Starting analysis m: 388 t: 0 e: 14
1396275718,WARN,Disabling IridiumMessageSender transmissions
1396276961,INFO,Completed analysis m: 388 t: 0 e: 14
1396276985,INFO,Enabling IridiumMessageSender transmissions
1396326578,INFO,Starting analysis m: 388 t: 0 e: 15
1396326858,WARN,Disabling IridiumMessageSender transmissions
1396328216,INFO,Completed analysis m: 388 t: 0 e: 15
1396328241,INFO,Enabling IridiumMessageSender transmissions
1396377737,INFO,Starting analysis m: 388 t: 0 e: 16
1396378087,WARN,Disabling IridiumMessageSender transmissions
1396379381,INFO,Completed analysis m: 388 t: 0 e: 16
1396379406,INFO,Enabling IridiumMessageSender transmissions
1396420642,INFO,Max CNO changed from 48 to 45
1396428877,INFO,Starting analysis m: 388 t: 0 e: 17
1396429158,WARN,Disabling IridiumMessageSender transmissions
1396430407,INFO,Completed analysis m: 388 t: 0 e: 17
1396430432,INFO,Enabling IridiumMessageSender transmissions
1396480024,INFO,Starting analysis m: 388 t: 0 e: 18
1396480311,WARN,Disabling IridiumMessageSender transmissions
1396481511,INFO,Completed analysis m: 388 t: 0 e: 18
1396481538,INFO,Enabling IridiumMessageSender transmissions
1396500563,INFO,Max CNO changed from 45 to 48
1396531183,INFO,Starting analysis m: 388 t: 0 e: 19
1396531472,WARN,Disabling IridiumMessageSender transmissions
1396532719,INFO,Completed analysis m: 388 t: 0 e: 19
1396532744,INFO,Enabling IridiumMessageSender transmissions
1396569743,INFO,powerData | solV: 5.68
1396569769,INFO,powerData | solI: 0.03
1396569790,INFO,powerData | battV: 4.14
1396569810,INFO,powerData | battI: -0.04
1396569831,INFO,powerData | busV: 4.14
1396569856,INFO,powerData | busI: 0.06
1396569880,INFO,powerData | BQ status reg: 172
1396569901,INFO,powerData | Fault reg: 0
1396569923,INFO,powerData | Charge status: 2
1396569944,INFO,powerData | DPM status: 1
1396582334,INFO,Starting analysis m: 388 t: 0 e: 20
1396582617,WARN,Disabling IridiumMessageSender transmissions
1396583925,INFO,Completed analysis m: 388 t: 0 e: 20
1396583954,INFO,Enabling IridiumMessageSender transmissions
1396620525,INFO,Max CNO changed from 48 to 45
1396633485,INFO,Starting analysis m: 388 t: 0 e: 21
1396633772,WARN,Disabling IridiumMessageSender transmissions
1396635070,INFO,Completed analysis m: 388 t: 0 e: 21
1396635092,INFO,Enabling IridiumMessageSender transmissions
1396684623,INFO,Starting analysis m: 388 t: 0 e: 22
1396684906,WARN,Disabling IridiumMessageSender transmissions
1396686153,INFO,Completed analysis m: 388 t: 0 e: 22
1396686184,INFO,Enabling IridiumMessageSender transmissions
1396735782,INFO,Starting analysis m: 388 t: 0 e: 23
1396736071,WARN,Disabling IridiumMessageSender transmissions
1396737366,INFO,Completed analysis m: 388 t: 0 e: 23
1396737390,INFO,Enabling IridiumMessageSender transmissions
1396740323,INFO,Max CNO changed from 45 to 48
1396786917,INFO,Starting analysis m: 388 t: 0 e: 24
1396787200,WARN,Disabling IridiumMessageSender transmissions
1396788537,INFO,Completed analysis m: 388 t: 0 e: 24
1396788566,INFO,Enabling IridiumMessageSender transmissions
1396838074,INFO,Starting analysis m: 388 t: 0 e: 25
1396838354,WARN,Disabling IridiumMessageSender transmissions
1396839718,INFO,Completed analysis m: 388 t: 0 e: 25
1396839743,INFO,Enabling IridiumMessageSender transmissions
1396860203,INFO,Max CNO changed from 48 to 45
1396869744,INFO,powerData | solV: 5.67
1396869767,INFO,powerData | solI: 0.03
1396869789,INFO,powerData | battV: 4.14
1396869812,INFO,powerData | battI: -0.04
1396869836,INFO,powerData | busV: 4.14
1396869859,INFO,powerData | busI: 0.05
1396869879,INFO,powerData | BQ status reg: 172
1396869902,INFO,powerData | Fault reg: 0
1396869924,INFO,powerData | Charge status: 2
1396869947,INFO,powerData | DPM status: 1
1396880185,INFO,Max CNO changed from 45 to 49
1396889231,INFO,Starting analysis m: 388 t: 0 e: 26
1396889526,WARN,Disabling IridiumMessageSender transmissions
1396890816,INFO,Completed analysis m: 388 t: 0 e: 26
1396890843,INFO,Enabling IridiumMessageSender transmissions
1396940369,INFO,Starting analysis m: 388 t: 0 e: 27
1396940652,WARN,Disabling IridiumMessageSender transmissions
1396941973,INFO,Completed analysis m: 388 t: 0 e: 27
1396942000,INFO,Enabling IridiumMessageSender transmissions
1396991518,INFO,Starting analysis m: 388 t: 0 e: 28
1396991807,WARN,Disabling IridiumMessageSender transmissions
1396993110,INFO,Completed analysis m: 388 t: 0 e: 28
1396993134,INFO,Enabling IridiumMessageSender transmissions
1397042679,INFO,Starting analysis m: 388 t: 0 e: 29
1397042964,WARN,Disabling IridiumMessageSender transmissions
1397044262,INFO,Completed analysis m: 388 t: 0 e: 29
1397044287,INFO,Enabling IridiumMessageSender transmissions
1397093818,INFO,Starting analysis m: 388 t: 0 e: 30
1397094100,WARN,Disabling IridiumMessageSender transmissions
1397095497,INFO,Completed analysis m: 388 t: 0 e: 30
1397095522,INFO,Enabling IridiumMessageSender transmissions
1397144963,INFO,Starting analysis m: 388 t: 0 e: 31
1397145255,WARN,Disabling IridiumMessageSender transmissions
1397146554,INFO,Completed analysis m: 388 t: 0 e: 31
1397146578,INFO,Enabling IridiumMessageSender transmissions
1397169750,INFO,powerData | solV: 5.67
1397169772,INFO,powerData | solI: 0.03
1397169795,INFO,powerData | battV: 4.14
1397169817,INFO,powerData | battI: -0.04
1397169840,INFO,powerData | busV: 4.14
1397169860,INFO,powerData | busI: 0.05
1397169883,INFO,powerData | BQ status reg: 172
1397169905,INFO,powerData | Fault reg: 0
1397169930,INFO,powerData | Charge status: 2
1397169952,INFO,powerData | DPM status: 1
1397196111,INFO,Starting analysis m: 388 t: 0 e: 32
1397196394,WARN,Disabling IridiumMessageSender transmissions
1397197656,INFO,Completed analysis m: 388 t: 0 e: 32
1397197682,INFO,Processing stats m: 388 t: 0 e: 33
1397204019,INFO,Enabling IridiumMessageSender transmissions
1397255606,INFO,Starting collection m: 388 t: 1 at 1649045191.20
1397357551,INFO,Starting analysis m: 388 t: 1 e: 0
1397357834,WARN,Disabling IridiumMessageSender transmissions
1397358893,INFO,Completed analysis m: 388 t: 1 e: 0
1397358917,INFO,Enabling IridiumMessageSender transmissions
1397408698,INFO,Starting analysis m: 388 t: 1 e: 1
1397408987,WARN,Disabling IridiumMessageSender transmissions
1397410330,INFO,Completed analysis m: 388 t: 1 e: 1
1397410355,INFO,Enabling IridiumMessageSender transmissions
1397459855,INFO,Starting analysis m: 388 t: 1 e: 2
1397460174,WARN,Disabling IridiumMessageSender transmissions
1397461489,INFO,Completed analysis m: 388 t: 1 e: 2
1397461518,INFO,Enabling IridiumMessageSender transmissions
1397469751,INFO,powerData | solV: 5.67
1397469777,INFO,powerData | solI: 0.03
1397469800,INFO,powerData | battV: 4.14
1397469820,INFO,powerData | battI: -0.04
1397469843,INFO,powerData | busV: 4.14
1397469865,INFO,powerData | busI: 0.06
1397469886,INFO,powerData | BQ status reg: 172
1397469908,INFO,powerData | Fault reg: 0
1397469931,INFO,powerData | Charge status: 2
1397469954,INFO,powerData | DPM status: 1
1397511000,INFO,Starting analysis m: 388 t: 1 e: 3
1397511280,WARN,Disabling IridiumMessageSender transmissions
1397512595,INFO,Completed analysis m: 388 t: 1 e: 3
1397512620,INFO,Enabling IridiumMessageSender transmissions
1397562142,INFO,Starting analysis m: 388 t: 1 e: 4
1397562433,WARN,Disabling IridiumMessageSender transmissions
1397563678,INFO,Completed analysis m: 388 t: 1 e: 4
1397563705,INFO,Enabling IridiumMessageSender transmissions
1397613293,INFO,Starting analysis m: 388 t: 1 e: 5
1397613582,WARN,Disabling IridiumMessageSender transmissions
1397614886,INFO,Completed analysis m: 388 t: 1 e: 5
1397614911,INFO,Enabling IridiumMessageSender transmissions
1397664456,INFO,Starting analysis m: 388 t: 1 e: 6
1397664745,WARN,Disabling IridiumMessageSender transmissions
1397666045,INFO,Completed analysis m: 388 t: 1 e: 6
1397666070,INFO,Enabling IridiumMessageSender transmissions
1397715599,INFO,Starting analysis m: 388 t: 1 e: 7
1397715881,WARN,Disabling IridiumMessageSender transmissions
1397717186,INFO,Completed analysis m: 388 t: 1 e: 7
1397717211,INFO,Enabling IridiumMessageSender transmissions
1397766748,INFO,Starting analysis m: 388 t: 1 e: 8
1397767034,WARN,Disabling IridiumMessageSender transmissions
1397768333,INFO,Completed analysis m: 388 t: 1 e: 8
1397768359,INFO,Enabling IridiumMessageSender transmissions
1397769760,INFO,powerData | solV: 5.67
1397769783,INFO,powerData | solI: 0.03
1397769805,INFO,powerData | battV: 4.14
1397769826,INFO,powerData | battI: -0.04
1397769854,INFO,powerData | busV: 4.14
1397769879,INFO,powerData | busI: 0.06
1397769902,INFO,powerData | BQ status reg: 172
1397769922,INFO,powerData | Fault reg: 0
1397769945,INFO,powerData | Charge status: 2
1397769965,INFO,powerData | DPM status: 1
1397817888,INFO,Starting analysis m: 388 t: 1 e: 9
1397818169,WARN,Disabling IridiumMessageSender transmissions
1397819717,INFO,Completed analysis m: 388 t: 1 e: 9
1397819742,INFO,Enabling IridiumMessageSender transmissions
1397869037,INFO,Starting analysis m: 388 t: 1 e: 10
1397869324,WARN,Disabling IridiumMessageSender transmissions
1397870667,INFO,Completed analysis m: 388 t: 1 e: 10
1397870692,INFO,Enabling IridiumMessageSender transmissions
1397920196,INFO,Starting analysis m: 388 t: 1 e: 11
1397920487,WARN,Disabling IridiumMessageSender transmissions
1397921851,INFO,Completed analysis m: 388 t: 1 e: 11
1397921878,INFO,Enabling IridiumMessageSender transmissions
1397971363,INFO,Starting analysis m: 388 t: 1 e: 12
1397971662,WARN,Disabling IridiumMessageSender transmissions
1397972953,INFO,Completed analysis m: 388 t: 1 e: 12
1397972977,INFO,Enabling IridiumMessageSender transmissions
1398022483,INFO,Starting analysis m: 388 t: 1 e: 13
1398022772,WARN,Disabling IridiumMessageSender transmissions
1398024073,INFO,Completed analysis m: 388 t: 1 e: 13
1398024097,INFO,Enabling IridiumMessageSender transmissions
1398069770,INFO,powerData | solV: 5.66
1398069792,INFO,powerData | solI: 0.02
1398069815,INFO,powerData | battV: 4.14
1398069837,INFO,powerData | battI: -0.05
1398069862,INFO,powerData | busV: 4.13
1398069884,INFO,powerData | busI: 0.05
1398069905,INFO,powerData | BQ status reg: 172
1398069927,INFO,powerData | Fault reg: 0
1398069952,INFO,powerData | Charge status: 2
1398069979,INFO,powerData | DPM status: 1
1398073626,INFO,Starting analysis m: 388 t: 1 e: 14
1398073909,WARN,Disabling IridiumMessageSender transmissions
1398075168,INFO,Completed analysis m: 388 t: 1 e: 14
1398075195,INFO,Enabling IridiumMessageSender transmissions
1398124773,INFO,Starting analysis m: 388 t: 1 e: 15
1398125056,WARN,Disabling IridiumMessageSender transmissions
1398126379,INFO,Completed analysis m: 388 t: 1 e: 15
1398126409,INFO,Enabling IridiumMessageSender transmissions
1398175926,INFO,Starting analysis m: 388 t: 1 e: 16
1398176215,WARN,Disabling IridiumMessageSender transmissions
1398177521,INFO,Completed analysis m: 388 t: 1 e: 16
1398177546,INFO,Enabling IridiumMessageSender transmissions
1398227083,INFO,Starting analysis m: 388 t: 1 e: 17
1398227369,WARN,Disabling IridiumMessageSender transmissions
1398228670,INFO,Completed analysis m: 388 t: 1 e: 17
1398228695,INFO,Enabling IridiumMessageSender transmissions
1398278221,INFO,Starting analysis m: 388 t: 1 e: 18
1398278508,WARN,Disabling IridiumMessageSender transmissions
1398279706,INFO,Completed analysis m: 388 t: 1 e: 18
1398279735,INFO,Enabling IridiumMessageSender transmissions
1398329368,INFO,Starting analysis m: 388 t: 1 e: 19
1398329651,WARN,Disabling IridiumMessageSender transmissions
1398330966,INFO,Completed analysis m: 388 t: 1 e: 19
1398330992,INFO,Enabling IridiumMessageSender transmissions
1398369779,INFO,powerData | solV: 5.66
1398369802,INFO,powerData | solI: 0.01
1398369824,INFO,powerData | battV: 4.14
1398369847,INFO,powerData | battI: -0.07
1398369867,INFO,powerData | busV: 4.13
1398369890,INFO,powerData | busI: 0.06
1398369910,INFO,powerData | BQ status reg: 172
1398369933,INFO,powerData | Fault reg: 0
1398369955,INFO,powerData | Charge status: 2
1398369980,INFO,powerData | DPM status: 1
1398380519,INFO,Starting analysis m: 388 t: 1 e: 20
1398380802,WARN,Disabling IridiumMessageSender transmissions
1398382149,INFO,Completed analysis m: 388 t: 1 e: 20
1398382176,INFO,Enabling IridiumMessageSender transmissions
1398431682,INFO,Starting analysis m: 388 t: 1 e: 21
1398432004,WARN,Disabling IridiumMessageSender transmissions
1398433316,INFO,Completed analysis m: 388 t: 1 e: 21
1398433341,INFO,Enabling IridiumMessageSender transmissions
1398482814,INFO,Starting analysis m: 388 t: 1 e: 22
1398483089,WARN,Disabling IridiumMessageSender transmissions
1398484346,INFO,Completed analysis m: 388 t: 1 e: 22
1398484371,INFO,Enabling IridiumMessageSender transmissions
1398533963,INFO,Starting analysis m: 388 t: 1 e: 23
1398534246,WARN,Disabling IridiumMessageSender transmissions
1398535497,INFO,Completed analysis m: 388 t: 1 e: 23
1398535522,INFO,Enabling IridiumMessageSender transmissions
1398585110,INFO,Starting analysis m: 388 t: 1 e: 24
1398585397,WARN,Disabling IridiumMessageSender transmissions
1398586703,INFO,Completed analysis m: 388 t: 1 e: 24
1398586730,INFO,Enabling IridiumMessageSender transmissions
1398636265,INFO,Starting analysis m: 388 t: 1 e: 25
1398636554,WARN,Disabling IridiumMessageSender transmissions
1398637850,INFO,Completed analysis m: 388 t: 1 e: 25
1398637877,INFO,Enabling IridiumMessageSender transmissions
1398669817,INFO,powerData | solV: 5.55
1398669842,INFO,powerData | solI: 0.00
1398669862,INFO,powerData | battV: 4.14
1398669914,INFO,powerData | battI: -0.06
1398669934,INFO,powerData | busV: 4.13
1398669955,INFO,powerData | busI: 0.05
1398669977,INFO,powerData | BQ status reg: 172
1398669998,INFO,powerData | Fault reg: 0
1398670018,INFO,powerData | Charge status: 2
1398670039,INFO,powerData | DPM status: 1
1398678378,INFO,Max CNO changed from 49 to 46
1398687406,INFO,Starting analysis m: 388 t: 1 e: 26
1398687686,WARN,Disabling IridiumMessageSender transmissions
1398688999,INFO,Completed analysis m: 388 t: 1 e: 26
1398689028,INFO,Enabling IridiumMessageSender transmissions
1398718341,INFO,Max CNO changed from 46 to 49
1398738554,INFO,Starting analysis m: 388 t: 1 e: 27
1398738841,WARN,Disabling IridiumMessageSender transmissions
1398740097,INFO,Completed analysis m: 388 t: 1 e: 27
1398740121,INFO,Enabling IridiumMessageSender transmissions
1398789701,INFO,Starting analysis m: 388 t: 1 e: 28
1398789982,WARN,Disabling IridiumMessageSender transmissions
1398791231,INFO,Completed analysis m: 388 t: 1 e: 28
1398791262,INFO,Enabling IridiumMessageSender transmissions
1398840860,INFO,Starting analysis m: 388 t: 1 e: 29
1398841149,WARN,Disabling IridiumMessageSender transmissions
1398842486,INFO,Completed analysis m: 388 t: 1 e: 29
1398842511,INFO,Enabling IridiumMessageSender transmissions
1398892005,INFO,Starting analysis m: 388 t: 1 e: 30
1398892288,WARN,Disabling IridiumMessageSender transmissions
1398893729,INFO,Completed analysis m: 388 t: 1 e: 30
1398893754,INFO,Enabling IridiumMessageSender transmissions
1398943168,INFO,Starting analysis m: 388 t: 1 e: 31
1398943465,WARN,Disabling IridiumMessageSender transmissions
1398944761,INFO,Completed analysis m: 388 t: 1 e: 31
1398944786,INFO,Enabling IridiumMessageSender transmissions
1398969819,INFO,powerData | solV: 5.49
1398969845,INFO,powerData | solI: 0.00
1398969868,INFO,powerData | battV: 4.13
1398969888,INFO,powerData | battI: -0.11
1398969909,INFO,powerData | busV: 4.11
1398969931,INFO,powerData | busI: 0.12
1398969952,INFO,powerData | BQ status reg: 172
1398969976,INFO,powerData | Fault reg: 0
1398969997,INFO,powerData | Charge status: 2
1398970017,INFO,powerData | DPM status: 1
1398994300,INFO,Starting analysis m: 388 t: 1 e: 32
1398994583,WARN,Disabling IridiumMessageSender transmissions
1398995888,INFO,Completed analysis m: 388 t: 1 e: 32
1398995912,INFO,Processing stats m: 388 t: 1 e: 33
1399001792,INFO,Finished collection for m: 388 in 1747
1399001821,INFO,Submitting 48 byte / 378 bit message: 
1399001876,DEBUG,m 9 sub to Q at i 0 count: 9
1399001903,DEBUG,1 msgs in Q
1399001950,INFO,Enabling IridiumMessageSender transmissions
1399001985,DEBUG,Sending Q index: 0 id: 9
1399009853,INFO,Send complete: Q index: 0 count_id 9
1399053793,INFO,Starting collection m: 389 t: 0 at 1649046991.20
1399072528,INFO,Submitting 19 byte / 150 bit SMC message: 
1399072573,DEBUG,m 10 sub to Q at i 0 count: 10
1399072600,DEBUG,1 msgs in Q
1399072823,DEBUG,Sending Q index: 0 id: 10
1399155728,INFO,Starting analysis m: 389 t: 0 e: 0
1399156021,WARN,Disabling IridiumMessageSender transmissions
1399157073,INFO,Completed analysis m: 389 t: 0 e: 0
1399157098,INFO,Enabling IridiumMessageSender transmissions
1399165751,INFO,Send complete: Q index: 0 count_id 10
1399206883,INFO,Starting analysis m: 389 t: 0 e: 1
1399207163,WARN,Disabling IridiumMessageSender transmissions
1399208468,INFO,Completed analysis m: 389 t: 0 e: 1
1399208493,INFO,Enabling IridiumMessageSender transmissions
1399258030,INFO,Starting analysis m: 389 t: 0 e: 2
1399258318,WARN,Disabling IridiumMessageSender transmissions
1399259621,INFO,Completed analysis m: 389 t: 0 e: 2
1399259645,INFO,Enabling IridiumMessageSender transmissions
1399269824,INFO,powerData | solV: 5.19
1399269847,INFO,powerData | solI: 0.00
1399269867,INFO,powerData | battV: 4.12
1399269890,INFO,powerData | battI: -0.14
1399269910,INFO,powerData | busV: 4.11
1399269935,INFO,powerData | busI: 0.12
1399269959,INFO,powerData | BQ status reg: 172
1399269980,INFO,powerData | Fault reg: 0
1399270006,INFO,powerData | Charge status: 2
1399270029,INFO,powerData | DPM status: 1
1399309170,INFO,Starting analysis m: 389 t: 0 e: 3
1399309453,WARN,Disabling IridiumMessageSender transmissions
1399310704,INFO,Completed analysis m: 389 t: 0 e: 3
1399310729,INFO,Enabling IridiumMessageSender transmissions
1399357685,INFO,Max CNO changed from 49 to 45
1399360327,INFO,Starting analysis m: 389 t: 0 e: 4
1399360616,WARN,Disabling IridiumMessageSender transmissions
1399361865,INFO,Completed analysis m: 389 t: 0 e: 4
1399361894,INFO,Enabling IridiumMessageSender transmissions
1399411470,INFO,Starting analysis m: 389 t: 0 e: 5
1399411752,WARN,Disabling IridiumMessageSender transmissions
1399413008,INFO,Completed analysis m: 389 t: 0 e: 5
1399413032,INFO,Enabling IridiumMessageSender transmissions
1399462612,INFO,Starting analysis m: 389 t: 0 e: 6
1399462901,WARN,Disabling IridiumMessageSender transmissions
1399464261,INFO,Completed analysis m: 389 t: 0 e: 6
1399464286,INFO,Enabling IridiumMessageSender transmissions
1399477569,INFO,Max CNO changed from 45 to 49
1399513776,INFO,Starting analysis m: 389 t: 0 e: 7
1399514060,WARN,Disabling IridiumMessageSender transmissions
1399515373,INFO,Completed analysis m: 389 t: 0 e: 7
1399515398,INFO,Enabling IridiumMessageSender transmissions
1399564910,INFO,Starting analysis m: 389 t: 0 e: 8
1399565201,WARN,Disabling IridiumMessageSender transmissions
1399566501,INFO,Completed analysis m: 389 t: 0 e: 8
1399566526,INFO,Enabling IridiumMessageSender transmissions
1399569827,INFO,powerData | solV: 4.88
1399569850,INFO,powerData | solI: 0.00
1399569870,INFO,powerData | battV: 4.12
1399569893,INFO,powerData | battI: -0.17
1399569913,INFO,powerData | busV: 4.10
1399569934,INFO,powerData | busI: 0.16
1399569956,INFO,powerData | BQ status reg: 172
1399569977,INFO,powerData | Fault reg: 0
1399569999,INFO,powerData | Charge status: 2
1399570022,INFO,powerData | DPM status: 1
1399616067,INFO,Starting analysis m: 389 t: 0 e: 9
1399616350,WARN,Disabling IridiumMessageSender transmissions
1399617906,INFO,Completed analysis m: 389 t: 0 e: 9
1399617931,INFO,Enabling IridiumMessageSender transmissions
1399667210,INFO,Starting analysis m: 389 t: 0 e: 10
1399667492,WARN,Disabling IridiumMessageSender transmissions
1399668799,INFO,Completed analysis m: 389 t: 0 e: 10
1399668824,INFO,Enabling IridiumMessageSender transmissions
1399718365,INFO,Starting analysis m: 389 t: 0 e: 11
1399718656,WARN,Disabling IridiumMessageSender transmissions
1399719946,INFO,Completed analysis m: 389 t: 0 e: 11
1399719974,INFO,Enabling IridiumMessageSender transmissions
1399769501,INFO,Starting analysis m: 389 t: 0 e: 12
1399769784,WARN,Disabling IridiumMessageSender transmissions
1399771095,INFO,Completed analysis m: 389 t: 0 e: 12
1399771119,INFO,Enabling IridiumMessageSender transmissions
1399820660,INFO,Starting analysis m: 389 t: 0 e: 13
1399820951,WARN,Disabling IridiumMessageSender transmissions
1399822247,INFO,Completed analysis m: 389 t: 0 e: 13
1399822272,INFO,Enabling IridiumMessageSender transmissions
1399869833,INFO,powerData | solV: 4.62
1399869855,INFO,powerData | solI: 0.00
1399869876,INFO,powerData | battV: 4.11
1399869898,INFO,powerData | battI: -0.18
1399869919,INFO,powerData | busV: 4.10
1399869939,INFO,powerData | busI: 0.16
1399869960,INFO,powerData | BQ status reg: 172
1399869982,INFO,powerData | Fault reg: 0
1399870003,INFO,powerData | Charge status: 2
1399870023,INFO,powerData | DPM status: 1
1399871797,INFO,Starting analysis m: 389 t: 0 e: 14
1399872081,WARN,Disabling IridiumMessageSender transmissions
1399873390,INFO,Completed analysis m: 389 t: 0 e: 14
1399873417,INFO,Enabling IridiumMessageSender transmissions
1399922946,INFO,Starting analysis m: 389 t: 0 e: 15
1399923228,WARN,Disabling IridiumMessageSender transmissions
1399924578,INFO,Completed analysis m: 389 t: 0 e: 15
1399924602,INFO,Enabling IridiumMessageSender transmissions
1399974100,INFO,Starting analysis m: 389 t: 0 e: 16
1399974420,WARN,Disabling IridiumMessageSender transmissions
1399975723,INFO,Completed analysis m: 389 t: 0 e: 16
1399975749,INFO,Enabling IridiumMessageSender transmissions
1400025249,INFO,Starting analysis m: 389 t: 0 e: 17
1400025530,WARN,Disabling IridiumMessageSender transmissions
1400026843,INFO,Completed analysis m: 389 t: 0 e: 17
1400026867,INFO,Enabling IridiumMessageSender transmissions
1400036993,INFO,Max CNO changed from 49 to 46
1400076386,INFO,Starting analysis m: 389 t: 0 e: 18
1400076677,WARN,Disabling IridiumMessageSender transmissions
1400077877,INFO,Completed analysis m: 389 t: 0 e: 18
1400077905,INFO,Enabling IridiumMessageSender transmissions
1400116903,INFO,Max CNO changed from 46 to 49
1400127535,INFO,Starting analysis m: 389 t: 0 e: 19
1400127815,WARN,Disabling IridiumMessageSender transmissions
1400129075,INFO,Completed analysis m: 389 t: 0 e: 19
1400129099,INFO,Enabling IridiumMessageSender transmissions
1400169834,INFO,powerData | solV: 4.38
1400169857,INFO,powerData | solI: 0.00
1400169877,INFO,powerData | battV: 4.11
1400169902,INFO,powerData | battI: -0.16
1400169926,INFO,powerData | busV: 4.10
1400169947,INFO,powerData | busI: 0.15
1400169967,INFO,powerData | BQ status reg: 0
1400169990,INFO,powerData | Fault reg: 0
1400170010,INFO,powerData | Charge status: 0
1400170031,INFO,powerData | DPM status: 0
1400178685,INFO,Starting analysis m: 389 t: 0 e: 20
1400178968,WARN,Disabling IridiumMessageSender transmissions
1400180273,INFO,Completed analysis m: 389 t: 0 e: 20
1400180297,INFO,Enabling IridiumMessageSender transmissions
1400216881,INFO,Max CNO changed from 49 to 46
1400229844,INFO,Starting analysis m: 389 t: 0 e: 21
1400230127,WARN,Disabling IridiumMessageSender transmissions
1400231421,INFO,Completed analysis m: 389 t: 0 e: 21
1400231446,INFO,Enabling IridiumMessageSender transmissions
1400280975,INFO,Starting analysis m: 389 t: 0 e: 22
1400281255,WARN,Disabling IridiumMessageSender transmissions
1400282572,INFO,Completed analysis m: 389 t: 0 e: 22
1400282597,INFO,Enabling IridiumMessageSender transmissions
1400296720,INFO,Max CNO changed from 46 to 49
1400332134,INFO,Starting analysis m: 389 t: 0 e: 23
1400332425,WARN,Disabling IridiumMessageSender transmissions
1400333719,INFO,Completed analysis m: 389 t: 0 e: 23
1400333744,INFO,Enabling IridiumMessageSender transmissions
1400383283,INFO,Starting analysis m: 389 t: 0 e: 24
1400383565,WARN,Disabling IridiumMessageSender transmissions
1400384915,INFO,Completed analysis m: 389 t: 0 e: 24
1400384940,INFO,Enabling IridiumMessageSender transmissions
1400434432,INFO,Starting analysis m: 389 t: 0 e: 25
1400434714,WARN,Disabling IridiumMessageSender transmissions
1400436072,INFO,Completed analysis m: 389 t: 0 e: 25
1400436097,INFO,Enabling IridiumMessageSender transmissions
1400469843,INFO,powerData | solV: 4.11
1400469866,INFO,powerData | solI: 0.00
1400469889,INFO,powerData | battV: 4.11
1400469915,INFO,powerData | battI: -0.20
1400469938,INFO,powerData | busV: 4.10
1400469958,INFO,powerData | busI: 0.18
1400469979,INFO,powerData | BQ status reg: 0
1400470003,INFO,powerData | Fault reg: 0
1400470026,INFO,powerData | Charge status: 0
1400470046,INFO,powerData | DPM status: 0
1400485578,INFO,Starting analysis m: 389 t: 0 e: 26
1400485875,WARN,Disabling IridiumMessageSender transmissions
1400487168,INFO,Completed analysis m: 389 t: 0 e: 26
1400487192,INFO,Enabling IridiumMessageSender transmissions
1400536715,INFO,Starting analysis m: 389 t: 0 e: 27
1400536997,WARN,Disabling IridiumMessageSender transmissions
1400538320,INFO,Completed analysis m: 389 t: 0 e: 27
1400538345,INFO,Enabling IridiumMessageSender transmissions
1400587870,INFO,Starting analysis m: 389 t: 0 e: 28
1400588163,WARN,Disabling IridiumMessageSender transmissions
1400589455,INFO,Completed analysis m: 389 t: 0 e: 28
1400589479,INFO,Enabling IridiumMessageSender transmissions
1400639008,INFO,Starting analysis m: 389 t: 0 e: 29
1400639291,WARN,Disabling IridiumMessageSender transmissions
1400640552,INFO,Completed analysis m: 389 t: 0 e: 29
1400640583,INFO,Enabling IridiumMessageSender transmissions
1400690159,INFO,Starting analysis m: 389 t: 0 e: 30
1400690442,WARN,Disabling IridiumMessageSender transmissions
1400691830,INFO,Completed analysis m: 389 t: 0 e: 30
1400691857,INFO,Enabling IridiumMessageSender transmissions
1400736270,INFO,Max CNO changed from 49 to 46
1400741302,INFO,Starting analysis m: 389 t: 0 e: 31
1400741593,WARN,Disabling IridiumMessageSender transmissions
1400742895,INFO,Completed analysis m: 389 t: 0 e: 31
1400742920,INFO,Enabling IridiumMessageSender transmissions
1400769851,INFO,powerData | solV: 3.74
1400769873,INFO,powerData | solI: 0.00
1400769894,INFO,powerData | battV: 4.11
1400769916,INFO,powerData | battI: -0.19
1400769937,INFO,powerData | busV: 4.09
1400769959,INFO,powerData | busI: 0.20
1400769982,INFO,powerData | BQ status reg: 0
1400770007,INFO,powerData | Fault reg: 0
1400770029,INFO,powerData | Charge status: 0
1400770052,INFO,powerData | DPM status: 0
1400792463,INFO,Starting analysis m: 389 t: 0 e: 32
1400792748,WARN,Disabling IridiumMessageSender transmissions
1400794060,INFO,Completed analysis m: 389 t: 0 e: 32
1400794085,INFO,Processing stats m: 389 t: 0 e: 33
1400800215,INFO,Enabling IridiumMessageSender transmissions
1400851945,INFO,Starting collection m: 389 t: 1 at 1649048791.20
1400876179,INFO,Max CNO changed from 46 to 49
1400953884,INFO,Starting analysis m: 389 t: 1 e: 0
1400954167,WARN,Disabling IridiumMessageSender transmissions
1400955226,INFO,Completed analysis m: 389 t: 1 e: 0
1400955256,INFO,Enabling IridiumMessageSender transmissions
1401005039,INFO,Starting analysis m: 389 t: 1 e: 1
1401005322,WARN,Disabling IridiumMessageSender transmissions
1401006657,INFO,Completed analysis m: 389 t: 1 e: 1
1401006682,INFO,Enabling IridiumMessageSender transmissions
1401056219,INFO,Starting analysis m: 389 t: 1 e: 2
1401056522,WARN,Disabling IridiumMessageSender transmissions
1401057808,INFO,Completed analysis m: 389 t: 1 e: 2
1401057832,INFO,Enabling IridiumMessageSender transmissions
1401069852,INFO,powerData | solV: 3.31
1401069875,INFO,powerData | solI: 0.00
1401069895,INFO,powerData | battV: 4.11
1401069916,INFO,powerData | battI: -0.19
1401069936,INFO,powerData | busV: 4.09
1401069959,INFO,powerData | busI: 0.18
1401069979,INFO,powerData | BQ status reg: 0
1401070000,INFO,powerData | Fault reg: 0
1401070020,INFO,powerData | Charge status: 0
1401070041,INFO,powerData | DPM status: 0
1401107335,INFO,Starting analysis m: 389 t: 1 e: 3
1401107625,WARN,Disabling IridiumMessageSender transmissions
1401108920,INFO,Completed analysis m: 389 t: 1 e: 3
1401108944,INFO,Enabling IridiumMessageSender transmissions
1401158473,INFO,Starting analysis m: 389 t: 1 e: 4
1401158756,WARN,Disabling IridiumMessageSender transmissions
1401160007,INFO,Completed analysis m: 389 t: 1 e: 4
1401160032,INFO,Enabling IridiumMessageSender transmissions
1401209624,INFO,Starting analysis m: 389 t: 1 e: 5
1401209907,WARN,Disabling IridiumMessageSender transmissions
1401211213,INFO,Completed analysis m: 389 t: 1 e: 5
1401211242,INFO,Enabling IridiumMessageSender transmissions
1401260777,INFO,Starting analysis m: 389 t: 1 e: 6
1401261058,WARN,Disabling IridiumMessageSender transmissions
1401262307,INFO,Completed analysis m: 389 t: 1 e: 6
1401262331,INFO,Enabling IridiumMessageSender transmissions
1401311918,INFO,Starting analysis m: 389 t: 1 e: 7
1401312200,WARN,Disabling IridiumMessageSender transmissions
1401313507,INFO,Completed analysis m: 389 t: 1 e: 7
1401313531,INFO,Enabling IridiumMessageSender transmissions
1401315667,INFO,Max CNO changed from 49 to 46
1401363075,INFO,Starting analysis m: 389 t: 1 e: 8
1401363355,WARN,Disabling IridiumMessageSender transmissions
1401364658,INFO,Completed analysis m: 389 t: 1 e: 8
1401364684,INFO,Enabling IridiumMessageSender transmissions
1401369853,INFO,powerData | solV: 3.21
1401369876,INFO,powerData | solI: 0.00
1401369896,INFO,powerData | battV: 4.11
1401369919,INFO,powerData | battI: -0.20
1401369939,INFO,powerData | busV: 4.09
1401369964,INFO,powerData | busI: 0.20
1401369985,INFO,powerData | BQ status reg: 0
1401370005,INFO,powerData | Fault reg: 0
1401370025,INFO,powerData | Charge status: 0
1401370048,INFO,powerData | DPM status: 0
1401414217,INFO,Starting analysis m: 389 t: 1 e: 9
1401414590,WARN,Disabling IridiumMessageSender transmissions
1401416040,INFO,Completed analysis m: 389 t: 1 e: 9
1401416062,INFO,Enabling IridiumMessageSender transmissions
1401465358,INFO,Starting analysis m: 389 t: 1 e: 10
1401465649,WARN,Disabling IridiumMessageSender transmissions
1401466976,INFO,Completed analysis m: 389 t: 1 e: 10
1401467000,INFO,Enabling IridiumMessageSender transmissions
1401516515,INFO,Starting analysis m: 389 t: 1 e: 11
1401516836,WARN,Disabling IridiumMessageSender transmissions
1401518145,INFO,Completed analysis m: 389 t: 1 e: 11
1401518172,INFO,Enabling IridiumMessageSender transmissions
1401535447,INFO,Max CNO changed from 46 to 49
1401567657,INFO,Starting analysis m: 389 t: 1 e: 12
1401567938,WARN,Disabling IridiumMessageSender transmissions
1401569245,INFO,Completed analysis m: 389 t: 1 e: 12
1401569269,INFO,Enabling IridiumMessageSender transmissions
1401618812,INFO,Starting analysis m: 389 t: 1 e: 13
1401619093,WARN,Disabling IridiumMessageSender transmissions
1401620391,INFO,Completed analysis m: 389 t: 1 e: 13
1401620416,INFO,Enabling IridiumMessageSender transmissions
1401669855,INFO,powerData | solV: 2.67
1401669879,INFO,powerData | solI: 0.00
1401669902,INFO,powerData | battV: 4.11
1401669926,INFO,powerData | battI: -0.17
1401669949,INFO,powerData | busV: 4.09
1401669969,INFO,powerData | busI: 0.19
1401669990,INFO,powerData | BQ status reg: 0
1401670010,INFO,powerData | Fault reg: 0
1401670031,INFO,powerData | Charge status: 0
1401670051,INFO,powerData | DPM status: 0
1401670141,INFO,Starting analysis m: 389 t: 1 e: 14
1401670479,WARN,Disabling IridiumMessageSender transmissions
1401671725,INFO,Completed analysis m: 389 t: 1 e: 14
1401671749,INFO,Enabling IridiumMessageSender transmissions
1401721094,INFO,Starting analysis m: 389 t: 1 e: 15
1401721374,WARN,Disabling IridiumMessageSender transmissions
1401722638,INFO,Completed analysis m: 389 t: 1 e: 15
1401722662,INFO,Enabling IridiumMessageSender transmissions
1401772253,INFO,Starting analysis m: 389 t: 1 e: 16
1401772546,WARN,Disabling IridiumMessageSender transmissions
1401773840,INFO,Completed analysis m: 389 t: 1 e: 16
1401773862,INFO,Enabling IridiumMessageSender transmissions
1401823393,INFO,Starting analysis m: 389 t: 1 e: 17
1401823680,WARN,Disabling IridiumMessageSender transmissions
1401824983,INFO,Completed analysis m: 389 t: 1 e: 17
1401825007,INFO,Enabling IridiumMessageSender transmissions
1401874538,INFO,Starting analysis m: 389 t: 1 e: 18
1401874819,WARN,Disabling IridiumMessageSender transmissions
1401876035,INFO,Completed analysis m: 389 t: 1 e: 18
1401876062,INFO,Enabling IridiumMessageSender transmissions
1401895077,INFO,Max CNO changed from 49 to 46
1401925685,INFO,Starting analysis m: 389 t: 1 e: 19
1401925994,WARN,Disabling IridiumMessageSender transmissions
1401927344,INFO,Completed analysis m: 389 t: 1 e: 19
1401927368,INFO,Enabling IridiumMessageSender transmissions
1401969860,INFO,powerData | solV: 2.35
1401969883,INFO,powerData | solI: 0.00
1401969903,INFO,powerData | battV: 4.10
1401969924,INFO,powerData | battI: -0.21
1401969948,INFO,powerData | busV: 4.09
1401969973,INFO,powerData | busI: 0.18
1401969993,INFO,powerData | BQ status reg: 0
1401970016,INFO,powerData | Fault reg: 0
1401970040,INFO,powerData | Charge status: 0
1401970061,INFO,powerData | DPM status: 0
1401976832,INFO,Starting analysis m: 389 t: 1 e: 20
1401977112,WARN,Disabling IridiumMessageSender transmissions
1401978470,INFO,Completed analysis m: 389 t: 1 e: 20
1401978494,INFO,Enabling IridiumMessageSender transmissions
1402027980,INFO,Starting analysis m: 389 t: 1 e: 21
1402028265,WARN,Disabling IridiumMessageSender transmissions
1402029576,INFO,Completed analysis m: 389 t: 1 e: 21
1402029602,INFO,Enabling IridiumMessageSender transmissions
1402079129,INFO,Starting analysis m: 389 t: 1 e: 22
1402079422,WARN,Disabling IridiumMessageSender transmissions
1402080718,INFO,Completed analysis m: 389 t: 1 e: 22
1402080743,INFO,Enabling IridiumMessageSender transmissions
1402114850,INFO,Max CNO changed from 46 to 49
1402130272,INFO,Starting analysis m: 389 t: 1 e: 23
1402130554,WARN,Disabling IridiumMessageSender transmissions
1402131865,INFO,Completed analysis m: 389 t: 1 e: 23
1402131890,INFO,Enabling IridiumMessageSender transmissions
1402181421,INFO,Starting analysis m: 389 t: 1 e: 24
1402181703,WARN,Disabling IridiumMessageSender transmissions
1402183012,INFO,Completed analysis m: 389 t: 1 e: 24
1402183036,INFO,Enabling IridiumMessageSender transmissions
1402232582,INFO,Starting analysis m: 389 t: 1 e: 25
1402232875,WARN,Disabling IridiumMessageSender transmissions
1402234167,INFO,Completed analysis m: 389 t: 1 e: 25
1402234191,INFO,Enabling IridiumMessageSender transmissions
1402254702,INFO,Max CNO changed from 49 to 46
1402269870,INFO,powerData | solV: 1.56
1402269892,INFO,powerData | solI: 0.00
1402269913,INFO,powerData | battV: 4.11
1402269935,INFO,powerData | battI: -0.16
1402269956,INFO,powerData | busV: 4.10
1402269976,INFO,powerData | busI: 0.17
1402269999,INFO,powerData | BQ status reg: 0
1402270019,INFO,powerData | Fault reg: 0
1402270044,INFO,powerData | Charge status: 0
1402270068,INFO,powerData | DPM status: 0
1402283718,INFO,Starting analysis m: 389 t: 1 e: 26
1402284005,WARN,Disabling IridiumMessageSender transmissions
1402285334,INFO,Completed analysis m: 389 t: 1 e: 26
1402285359,INFO,Enabling IridiumMessageSender transmissions
1402334619,INFO,Max CNO changed from 46 to 49
1402334867,INFO,Starting analysis m: 389 t: 1 e: 27
1402335158,WARN,Disabling IridiumMessageSender transmissions
1402336456,INFO,Completed analysis m: 389 t: 1 e: 27
1402336481,INFO,Enabling IridiumMessageSender transmissions
1402386012,INFO,Starting analysis m: 389 t: 1 e: 28
1402386296,WARN,Disabling IridiumMessageSender transmissions
1402387609,INFO,Completed analysis m: 389 t: 1 e: 28
1402387636,INFO,Enabling IridiumMessageSender transmissions
1402437165,INFO,Starting analysis m: 389 t: 1 e: 29
1402437457,WARN,Disabling IridiumMessageSender transmissions
1402438801,INFO,Completed analysis m: 389 t: 1 e: 29
1402438825,INFO,Enabling IridiumMessageSender transmissions
1402474473,INFO,Max CNO changed from 49 to 46
1402488305,INFO,Starting analysis m: 389 t: 1 e: 30
1402488625,WARN,Disabling IridiumMessageSender transmissions
1402489944,INFO,Completed analysis m: 389 t: 1 e: 30
1402489968,INFO,Enabling IridiumMessageSender transmissions
1402494455,INFO,Max CNO changed from 46 to 50
1402514442,INFO,Max CNO changed from 50 to 47
1402539450,INFO,Starting analysis m: 389 t: 1 e: 31
1402539741,WARN,Disabling IridiumMessageSender transmissions
1402541039,INFO,Completed analysis m: 389 t: 1 e: 31
1402541064,INFO,Enabling IridiumMessageSender transmissions
1402569873,INFO,powerData | solV: 1.29
1402569900,INFO,powerData | solI: 0.00
1402569920,INFO,powerData | battV: 4.11
1402569940,INFO,powerData | battI: -0.13
1402569961,INFO,powerData | busV: 4.10
1402569984,INFO,powerData | busI: 0.13
1402570004,INFO,powerData | BQ status reg: 0
1402570024,INFO,powerData | Fault reg: 0
1402570047,INFO,powerData | Charge status: 0
1402570067,INFO,powerData | DPM status: 0
1402590611,INFO,Starting analysis m: 389 t: 1 e: 32
1402590892,WARN,Disabling IridiumMessageSender transmissions
1402592196,INFO,Completed analysis m: 389 t: 1 e: 32
1402592221,INFO,Processing stats m: 389 t: 1 e: 33
1402598260,INFO,Finished collection for m: 389 in 1748
1402598285,INFO,Submitting 48 byte / 378 bit message: 
1402598340,DEBUG,m 11 sub to Q at i 0 count: 11
1402598363,DEBUG,1 msgs in Q
1402598410,INFO,Enabling IridiumMessageSender transmissions
1402598447,DEBUG,Sending Q index: 0 id: 11
1402607325,INFO,Send complete: Q index: 0 count_id 11
1402650081,INFO,Starting collection m: 390 t: 0 at 1649050591.20
1402669080,INFO,Submitting 19 byte / 150 bit SMC message: 
1402669121,DEBUG,m 12 sub to Q at i 0 count: 12
1402669146,DEBUG,1 msgs in Q
1402669371,DEBUG,Sending Q index: 0 id: 12
1402752028,INFO,Starting analysis m: 390 t: 0 e: 0
1402752311,WARN,Disabling IridiumMessageSender transmissions
1402753370,INFO,Completed analysis m: 390 t: 0 e: 0
1402753396,INFO,Enabling IridiumMessageSender transmissions
1402803175,INFO,Starting analysis m: 390 t: 0 e: 1
1402803458,WARN,Disabling IridiumMessageSender transmissions
1402804705,INFO,Completed analysis m: 390 t: 0 e: 1
1402804731,INFO,Enabling IridiumMessageSender transmissions
1402809704,INFO,Send complete: Q index: 0 count_id 12
1402854322,INFO,Starting analysis m: 390 t: 0 e: 2
1402854604,WARN,Disabling IridiumMessageSender transmissions
1402855938,INFO,Completed analysis m: 390 t: 0 e: 2
1402855962,INFO,Enabling IridiumMessageSender transmissions
1402869891,INFO,powerData | solV: 0.58
1402869915,INFO,powerData | solI: 0.00
1402869936,INFO,powerData | battV: 4.12
1402869960,INFO,powerData | battI: -0.09
1402869983,INFO,powerData | busV: 4.11
1402870003,INFO,powerData | busI: 0.08
1402870024,INFO,powerData | BQ status reg: 0
1402870046,INFO,powerData | Fault reg: 0
1402870067,INFO,powerData | Charge status: 0
1402870089,INFO,powerData | DPM status: 0
1402905483,INFO,Starting analysis m: 390 t: 0 e: 3
1402905765,WARN,Disabling IridiumMessageSender transmissions
1402907060,INFO,Completed analysis m: 390 t: 0 e: 3
1402907084,INFO,Enabling IridiumMessageSender transmissions
1402956615,INFO,Starting analysis m: 390 t: 0 e: 4
1402956896,WARN,Disabling IridiumMessageSender transmissions
1402958206,INFO,Completed analysis m: 390 t: 0 e: 4
1402958231,INFO,Enabling IridiumMessageSender transmissions
1403007772,INFO,Starting analysis m: 390 t: 0 e: 5
1403008055,WARN,Disabling IridiumMessageSender transmissions
1403009388,INFO,Completed analysis m: 390 t: 0 e: 5
1403009413,INFO,Enabling IridiumMessageSender transmissions
1403058907,INFO,Starting analysis m: 390 t: 0 e: 6
1403059230,WARN,Disabling IridiumMessageSender transmissions
1403060539,INFO,Completed analysis m: 390 t: 0 e: 6
1403060566,INFO,Enabling IridiumMessageSender transmissions
1403110060,INFO,Starting analysis m: 390 t: 0 e: 7
1403110350,WARN,Disabling IridiumMessageSender transmissions
1403111602,INFO,Completed analysis m: 390 t: 0 e: 7
1403111626,INFO,Enabling IridiumMessageSender transmissions
1403161204,INFO,Starting analysis m: 390 t: 0 e: 8
1403161485,WARN,Disabling IridiumMessageSender transmissions
1403162796,INFO,Completed analysis m: 390 t: 0 e: 8
1403162820,INFO,Enabling IridiumMessageSender transmissions
1403169892,INFO,powerData | solV: 0.18
1403169918,INFO,powerData | solI: 0.00
1403169941,INFO,powerData | battV: 4.12
1403169964,INFO,powerData | battI: -0.09
1403169984,INFO,powerData | busV: 4.10
1403170004,INFO,powerData | busI: 0.08
1403170025,INFO,powerData | BQ status reg: 0
1403170048,INFO,powerData | Fault reg: 0
1403170068,INFO,powerData | Charge status: 0
1403170093,INFO,powerData | DPM status: 0
1403212355,INFO,Starting analysis m: 390 t: 0 e: 9
1403212636,WARN,Disabling IridiumMessageSender transmissions
1403214192,INFO,Completed analysis m: 390 t: 0 e: 9
1403214217,INFO,Enabling IridiumMessageSender transmissions
1403233685,INFO,Max CNO changed from 47 to 50
1403253663,INFO,Max CNO changed from 50 to 47
1403263494,INFO,Starting analysis m: 390 t: 0 e: 10
1403263784,WARN,Disabling IridiumMessageSender transmissions
1403265038,INFO,Completed analysis m: 390 t: 0 e: 10
1403265062,INFO,Enabling IridiumMessageSender transmissions
1403314653,INFO,Starting analysis m: 390 t: 0 e: 11
1403314933,WARN,Disabling IridiumMessageSender transmissions
1403316234,INFO,Completed analysis m: 390 t: 0 e: 11
1403316258,INFO,Enabling IridiumMessageSender transmissions
1403365791,INFO,Starting analysis m: 390 t: 0 e: 12
1403366082,WARN,Disabling IridiumMessageSender transmissions
1403367331,INFO,Completed analysis m: 390 t: 0 e: 12
1403367360,INFO,Enabling IridiumMessageSender transmissions
1403416936,INFO,Starting analysis m: 390 t: 0 e: 13
1403417217,WARN,Disabling IridiumMessageSender transmissions
1403418474,INFO,Completed analysis m: 390 t: 0 e: 13
1403418499,INFO,Enabling IridiumMessageSender transmissions
1403468095,INFO,Starting analysis m: 390 t: 0 e: 14
1403468386,WARN,Disabling IridiumMessageSender transmissions
1403469723,INFO,Completed analysis m: 390 t: 0 e: 14
1403469748,INFO,Enabling IridiumMessageSender transmissions
1403469899,INFO,powerData | solV: 0.06
1403469922,INFO,powerData | solI: 0.00
1403469942,INFO,powerData | battV: 4.11
1403469963,INFO,powerData | battI: -0.09
1403469985,INFO,powerData | busV: 4.10
1403470008,INFO,powerData | busI: 0.09
1403470034,INFO,powerData | BQ status reg: 0
1403470055,INFO,powerData | Fault reg: 0
1403470075,INFO,powerData | Charge status: 0
1403470096,INFO,powerData | DPM status: 0
1403519236,INFO,Starting analysis m: 390 t: 0 e: 15
1403519518,WARN,Disabling IridiumMessageSender transmissions
1403520878,INFO,Completed analysis m: 390 t: 0 e: 15
1403520903,INFO,Enabling IridiumMessageSender transmissions
1403570395,INFO,Starting analysis m: 390 t: 0 e: 16
1403570694,WARN,Disabling IridiumMessageSender transmissions
1403571982,INFO,Completed analysis m: 390 t: 0 e: 16
1403572006,INFO,Enabling IridiumMessageSender transmissions
1403621525,INFO,Starting analysis m: 390 t: 0 e: 17
1403621808,WARN,Disabling IridiumMessageSender transmissions
1403623069,INFO,Completed analysis m: 390 t: 0 e: 17
1403623098,INFO,Enabling IridiumMessageSender transmissions
1403672680,INFO,Starting analysis m: 390 t: 0 e: 18
1403672975,WARN,Disabling IridiumMessageSender transmissions
1403674167,INFO,Completed analysis m: 390 t: 0 e: 18
1403674195,INFO,Enabling IridiumMessageSender transmissions
1403723833,INFO,Starting analysis m: 390 t: 0 e: 19
1403724113,WARN,Disabling IridiumMessageSender transmissions
1403725428,INFO,Completed analysis m: 390 t: 0 e: 19
1403725453,INFO,Enabling IridiumMessageSender transmissions
1403769909,INFO,powerData | solV: 0.02
1403769931,INFO,powerData | solI: 0.00
1403769952,INFO,powerData | battV: 4.12
1403769974,INFO,powerData | battI: -0.08
1403769995,INFO,powerData | busV: 4.11
1403770015,INFO,powerData | busI: 0.07
1403770038,INFO,powerData | BQ status reg: 0
1403770058,INFO,powerData | Fault reg: 0
1403770083,INFO,powerData | Charge status: 0
1403770107,INFO,powerData | DPM status: 0
1403774965,INFO,Starting analysis m: 390 t: 0 e: 20
1403775252,WARN,Disabling IridiumMessageSender transmissions
1403776557,INFO,Completed analysis m: 390 t: 0 e: 20
1403776581,INFO,Enabling IridiumMessageSender transmissions
1403826120,INFO,Starting analysis m: 390 t: 0 e: 21
1403826413,WARN,Disabling IridiumMessageSender transmissions
1403827705,INFO,Completed analysis m: 390 t: 0 e: 21
1403827730,INFO,Enabling IridiumMessageSender transmissions
1403877261,INFO,Starting analysis m: 390 t: 0 e: 22
1403877543,WARN,Disabling IridiumMessageSender transmissions
1403878852,INFO,Completed analysis m: 390 t: 0 e: 22
1403878877,INFO,Enabling IridiumMessageSender transmissions
1403928408,INFO,Starting analysis m: 390 t: 0 e: 23
1403928698,WARN,Disabling IridiumMessageSender transmissions
1403929950,INFO,Completed analysis m: 390 t: 0 e: 23
1403929974,INFO,Enabling IridiumMessageSender transmissions
1403932973,INFO,Max CNO changed from 47 to 50
1403979552,INFO,Starting analysis m: 390 t: 0 e: 24
1403979835,WARN,Disabling IridiumMessageSender transmissions
1403981199,INFO,Completed analysis m: 390 t: 0 e: 24
1403981223,INFO,Enabling IridiumMessageSender transmissions
1404030707,INFO,Starting analysis m: 390 t: 0 e: 25
1404031027,WARN,Disabling IridiumMessageSender transmissions
1404032335,INFO,Completed analysis m: 390 t: 0 e: 25
1404032360,INFO,Enabling IridiumMessageSender transmissions
1404052836,INFO,Max CNO changed from 50 to 46
1404069914,INFO,powerData | solV: 0.01
1404069937,INFO,powerData | solI: 0.00
1404069957,INFO,powerData | battV: 4.12
1404069984,INFO,powerData | battI: -0.06
1404070004,INFO,powerData | busV: 4.11
1404070025,INFO,powerData | busI: 0.06
1404070047,INFO,powerData | BQ status reg: 0
1404070068,INFO,powerData | Fault reg: 0
1404070090,INFO,powerData | Charge status: 0
1404070111,INFO,powerData | DPM status: 0
1404081856,INFO,Starting analysis m: 390 t: 0 e: 26
1404082147,WARN,Disabling IridiumMessageSender transmissions
1404083437,INFO,Completed analysis m: 390 t: 0 e: 26
1404083464,INFO,Enabling IridiumMessageSender transmissions
1404092798,INFO,Max CNO changed from 46 to 49
1404132995,INFO,Starting analysis m: 390 t: 0 e: 27
1404133277,WARN,Disabling IridiumMessageSender transmissions
1404134596,INFO,Completed analysis m: 390 t: 0 e: 27
1404134621,INFO,Enabling IridiumMessageSender transmissions
1404184139,INFO,Starting analysis m: 390 t: 0 e: 28
1404184430,WARN,Disabling IridiumMessageSender transmissions
1404185677,INFO,Completed analysis m: 390 t: 0 e: 28
1404185702,INFO,Enabling IridiumMessageSender transmissions
1404235288,INFO,Starting analysis m: 390 t: 0 e: 29
1404235571,WARN,Disabling IridiumMessageSender transmissions
1404236906,INFO,Completed analysis m: 390 t: 0 e: 29
1404236941,INFO,Enabling IridiumMessageSender transmissions
1404286449,INFO,Starting analysis m: 390 t: 0 e: 30
1404286732,WARN,Disabling IridiumMessageSender transmissions
1404288116,INFO,Completed analysis m: 390 t: 0 e: 30
1404288141,INFO,Enabling IridiumMessageSender transmissions
1404312578,INFO,Max CNO changed from 49 to 45
1404332554,INFO,Max CNO changed from 45 to 48
1404337582,INFO,Starting analysis m: 390 t: 0 e: 31
1404337872,WARN,Disabling IridiumMessageSender transmissions
1404339124,INFO,Completed analysis m: 390 t: 0 e: 31
1404339148,INFO,Enabling IridiumMessageSender transmissions
1404369946,INFO,powerData | solV: 0.00
1404369971,INFO,powerData | solI: 0.00
1404369991,INFO,powerData | battV: 4.12
1404370014,INFO,powerData | battI: -0.06
1404370034,INFO,powerData | busV: 4.11
1404370055,INFO,powerData | busI: 0.06
1404370081,INFO,powerData | BQ status reg: 0
1404370102,INFO,powerData | Fault reg: 0
1404370124,INFO,powerData | Charge status: 0
1404370145,INFO,powerData | DPM status: 0
1404388739,INFO,Starting analysis m: 390 t: 0 e: 32
1404389021,WARN,Disabling IridiumMessageSender transmissions
1404390324,INFO,Completed analysis m: 390 t: 0 e: 32
1404390348,INFO,Processing stats m: 390 t: 0 e: 33
1404396470,INFO,Enabling IridiumMessageSender transmissions
1404448229,INFO,Starting collection m: 390 t: 1 at 1649052391.20
1404550168,INFO,Starting analysis m: 390 t: 1 e: 0
1404550459,WARN,Disabling IridiumMessageSender transmissions
1404551561,INFO,Completed analysis m: 390 t: 1 e: 0
1404551587,INFO,Enabling IridiumMessageSender transmissions
1404601311,INFO,Starting analysis m: 390 t: 1 e: 1
1404601630,WARN,Disabling IridiumMessageSender transmissions
1404602941,INFO,Completed analysis m: 390 t: 1 e: 1
1404602966,INFO,Enabling IridiumMessageSender transmissions
1404652457,INFO,Starting analysis m: 390 t: 1 e: 2
1404652742,WARN,Disabling IridiumMessageSender transmissions
1404654051,INFO,Completed analysis m: 390 t: 1 e: 2
1404654075,INFO,Enabling IridiumMessageSender transmissions
1404669949,INFO,powerData | solV: 0.00
1404669974,INFO,powerData | solI: 0.00
1404669997,INFO,powerData | battV: 4.11
1404670019,INFO,powerData | battI: -0.08
1404670040,INFO,powerData | busV: 4.10
1404670060,INFO,powerData | busI: 0.07
1404670081,INFO,powerData | BQ status reg: 0
1404670103,INFO,powerData | Fault reg: 0
1404670128,INFO,powerData | Charge status: 0
1404670148,INFO,powerData | DPM status: 0
1404692174,INFO,Max CNO changed from 48 to 45
1404703602,INFO,Starting analysis m: 390 t: 1 e: 3
1404703893,WARN,Disabling IridiumMessageSender transmissions
1404705140,INFO,Completed analysis m: 390 t: 1 e: 3
1404705165,INFO,Enabling IridiumMessageSender transmissions
1404712159,INFO,Max CNO changed from 45 to 48
1404754749,INFO,Starting analysis m: 390 t: 1 e: 4
1404755032,WARN,Disabling IridiumMessageSender transmissions
1404756295,INFO,Completed analysis m: 390 t: 1 e: 4
1404756320,INFO,Enabling IridiumMessageSender transmissions
1404805900,INFO,Starting analysis m: 390 t: 1 e: 5
1404806180,WARN,Disabling IridiumMessageSender transmissions
1404807514,INFO,Completed analysis m: 390 t: 1 e: 5
1404807538,INFO,Enabling IridiumMessageSender transmissions
1404852023,INFO,Max CNO changed from 48 to 45
1404857051,INFO,Starting analysis m: 390 t: 1 e: 6
1404857333,WARN,Disabling IridiumMessageSender transmissions
1404858585,INFO,Completed analysis m: 390 t: 1 e: 6
1404858609,INFO,Enabling IridiumMessageSender transmissions
1404908189,INFO,Starting analysis m: 390 t: 1 e: 7
1404908472,WARN,Disabling IridiumMessageSender transmissions
1404909727,INFO,Completed analysis m: 390 t: 1 e: 7
1404909752,INFO,Enabling IridiumMessageSender transmissions
1404959346,INFO,Starting analysis m: 390 t: 1 e: 8
1404959639,WARN,Disabling IridiumMessageSender transmissions
1404960933,INFO,Completed analysis m: 390 t: 1 e: 8
1404960962,INFO,Enabling IridiumMessageSender transmissions
1404969955,INFO,powerData | solV: 0.00
1404969977,INFO,powerData | solI: 0.00
1404969998,INFO,powerData | battV: 4.12
1404970020,INFO,powerData | battI: -0.06
1404970043,INFO,powerData | busV: 4.11
1404970067,INFO,powerData | busI: 0.05
1404970090,INFO,powerData | BQ status reg: 0
1404970110,INFO,powerData | Fault reg: 0
1404970131,INFO,powerData | Charge status: 0
1404970153,INFO,powerData | DPM status: 0
1405010483,INFO,Starting analysis m: 390 t: 1 e: 9
1405010765,WARN,Disabling IridiumMessageSender transmissions
1405012361,INFO,Completed analysis m: 390 t: 1 e: 9
1405012385,INFO,Enabling IridiumMessageSender transmissions
1405061642,INFO,Starting analysis m: 390 t: 1 e: 10
1405061922,WARN,Disabling IridiumMessageSender transmissions
1405063286,INFO,Completed analysis m: 390 t: 1 e: 10
1405063311,INFO,Enabling IridiumMessageSender transmissions
1405112801,INFO,Starting analysis m: 390 t: 1 e: 11
1405113112,WARN,Disabling IridiumMessageSender transmissions
1405114392,INFO,Completed analysis m: 390 t: 1 e: 11
1405114417,INFO,Enabling IridiumMessageSender transmissions
1405163933,INFO,Starting analysis m: 390 t: 1 e: 12
1405164218,WARN,Disabling IridiumMessageSender transmissions
1405165516,INFO,Completed analysis m: 390 t: 1 e: 12
1405165541,INFO,Enabling IridiumMessageSender transmissions
1405215074,INFO,Starting analysis m: 390 t: 1 e: 13
1405215365,WARN,Disabling IridiumMessageSender transmissions
1405216661,INFO,Completed analysis m: 390 t: 1 e: 13
1405216686,INFO,Enabling IridiumMessageSender transmissions
1405266216,INFO,Starting analysis m: 390 t: 1 e: 14
1405266497,WARN,Disabling IridiumMessageSender transmissions
1405267759,INFO,Completed analysis m: 390 t: 1 e: 14
1405267783,INFO,Enabling IridiumMessageSender transmissions
1405269960,INFO,powerData | solV: 0.00
1405269983,INFO,powerData | solI: 0.00
1405270003,INFO,powerData | battV: 4.11
1405270024,INFO,powerData | battI: -0.07
1405270048,INFO,powerData | busV: 4.10
1405270071,INFO,powerData | busI: 0.06
1405270091,INFO,powerData | BQ status reg: 0
1405270112,INFO,powerData | Fault reg: 0
1405270136,INFO,powerData | Charge status: 0
1405270161,INFO,powerData | DPM status: 0
1405317365,INFO,Starting analysis m: 390 t: 1 e: 15
1405317646,WARN,Disabling IridiumMessageSender transmissions
1405318963,INFO,Completed analysis m: 390 t: 1 e: 15
1405318987,INFO,Enabling IridiumMessageSender transmissions
1405368508,INFO,Starting analysis m: 390 t: 1 e: 16
1405368803,WARN,Disabling IridiumMessageSender transmissions
1405370103,INFO,Completed analysis m: 390 t: 1 e: 16
1405370128,INFO,Enabling IridiumMessageSender transmissions
1405419661,INFO,Starting analysis m: 390 t: 1 e: 17
1405419941,WARN,Disabling IridiumMessageSender transmissions
1405421248,INFO,Completed analysis m: 390 t: 1 e: 17
1405421273,INFO,Enabling IridiumMessageSender transmissions
1405470808,INFO,Starting analysis m: 390 t: 1 e: 18
1405471098,WARN,Disabling IridiumMessageSender transmissions
1405472534,INFO,Completed analysis m: 390 t: 1 e: 18
1405472559,INFO,Enabling IridiumMessageSender transmissions
1405521958,INFO,Starting analysis m: 390 t: 1 e: 19
1405522239,WARN,Disabling IridiumMessageSender transmissions
1405523589,INFO,Completed analysis m: 390 t: 1 e: 19
1405523613,INFO,Enabling IridiumMessageSender transmissions
1405569961,INFO,powerData | solV: 0.00
1405569984,INFO,powerData | solI: 0.00
1405570004,INFO,powerData | battV: 4.11
1405570029,INFO,powerData | battI: -0.06
1405570050,INFO,powerData | busV: 4.11
1405570070,INFO,powerData | busI: 0.05
1405570091,INFO,powerData | BQ status reg: 0
1405570113,INFO,powerData | Fault reg: 0
1405570134,INFO,powerData | Charge status: 0
1405570156,INFO,powerData | DPM status: 0
1405573103,INFO,Starting analysis m: 390 t: 1 e: 20
1405573423,WARN,Disabling IridiumMessageSender transmissions
1405574746,INFO,Completed analysis m: 390 t: 1 e: 20
1405574770,INFO,Enabling IridiumMessageSender transmissions
1405624246,INFO,Starting analysis m: 390 t: 1 e: 21
1405624537,WARN,Disabling IridiumMessageSender transmissions
1405625788,INFO,Completed analysis m: 390 t: 1 e: 21
1405625812,INFO,Enabling IridiumMessageSender transmissions
1405675405,INFO,Starting analysis m: 390 t: 1 e: 22
1405675687,WARN,Disabling IridiumMessageSender transmissions
1405676984,INFO,Completed analysis m: 390 t: 1 e: 22
1405677008,INFO,Enabling IridiumMessageSender transmissions
1405726541,INFO,Starting analysis m: 390 t: 1 e: 23
1405726834,WARN,Disabling IridiumMessageSender transmissions
1405728143,INFO,Completed analysis m: 390 t: 1 e: 23
1405728167,INFO,Enabling IridiumMessageSender transmissions
1405777692,INFO,Starting analysis m: 390 t: 1 e: 24
1405777975,WARN,Disabling IridiumMessageSender transmissions
1405779277,INFO,Completed analysis m: 390 t: 1 e: 24
1405779302,INFO,Enabling IridiumMessageSender transmissions
1405828833,INFO,Starting analysis m: 390 t: 1 e: 25
1405829113,WARN,Disabling IridiumMessageSender transmissions
1405830428,INFO,Completed analysis m: 390 t: 1 e: 25
1405830453,INFO,Enabling IridiumMessageSender transmissions
1405869979,INFO,powerData | solV: 0.00
1405870002,INFO,powerData | solI: 0.00
1405870022,INFO,powerData | battV: 4.11
1405870043,INFO,powerData | battI: -0.06
1405870063,INFO,powerData | busV: 4.10
1405870086,INFO,powerData | busI: 0.06
1405870106,INFO,powerData | BQ status reg: 0
1405870127,INFO,powerData | Fault reg: 0
1405870147,INFO,powerData | Charge status: 0
1405870172,INFO,powerData | DPM status: 0
1405879990,INFO,Starting analysis m: 390 t: 1 e: 26
1405880283,WARN,Disabling IridiumMessageSender transmissions
1405881573,INFO,Completed analysis m: 390 t: 1 e: 26
1405881597,INFO,Enabling IridiumMessageSender transmissions
1405931128,INFO,Starting analysis m: 390 t: 1 e: 27
1405931409,WARN,Disabling IridiumMessageSender transmissions
1405932718,INFO,Completed analysis m: 390 t: 1 e: 27
1405932742,INFO,Enabling IridiumMessageSender transmissions
1405982273,INFO,Starting analysis m: 390 t: 1 e: 28
1405982562,WARN,Disabling IridiumMessageSender transmissions
1405983897,INFO,Completed analysis m: 390 t: 1 e: 28
1405983922,INFO,Enabling IridiumMessageSender transmissions
1405990819,INFO,Max CNO changed from 45 to 48
1406010796,INFO,Max CNO changed from 48 to 45
1406033418,INFO,Starting analysis m: 390 t: 1 e: 29
1406033700,WARN,Disabling IridiumMessageSender transmissions
1406035056,INFO,Completed analysis m: 390 t: 1 e: 29
1406035081,INFO,Enabling IridiumMessageSender transmissions
1406084581,INFO,Starting analysis m: 390 t: 1 e: 30
1406084868,WARN,Disabling IridiumMessageSender transmissions
1406086258,INFO,Completed analysis m: 390 t: 1 e: 30
1406086283,INFO,Enabling IridiumMessageSender transmissions
1406135713,INFO,Starting analysis m: 390 t: 1 e: 31
1406136004,WARN,Disabling IridiumMessageSender transmissions
1406137251,INFO,Completed analysis m: 390 t: 1 e: 31
1406137276,INFO,Enabling IridiumMessageSender transmissions
1406169982,INFO,powerData | solV: 0.00
1406170011,INFO,powerData | solI: 0.00
1406170036,INFO,powerData | battV: 4.11
1406170056,INFO,powerData | battI: -0.05
1406170079,INFO,powerData | busV: 4.11
1406170099,INFO,powerData | busI: 0.05
1406170120,INFO,powerData | BQ status reg: 0
1406170140,INFO,powerData | Fault reg: 0
1406170163,INFO,powerData | Charge status: 0
1406170183,INFO,powerData | DPM status: 0
1406170630,INFO,Max CNO changed from 45 to 48
1406186860,INFO,Starting analysis m: 390 t: 1 e: 32
1406187141,WARN,Disabling IridiumMessageSender transmissions
1406188466,INFO,Completed analysis m: 390 t: 1 e: 32
1406188490,INFO,Processing stats m: 390 t: 1 e: 33
1406194380,INFO,Finished collection for m: 390 in 1747
1406194407,INFO,Submitting 48 byte / 378 bit message: 
1406194462,DEBUG,m 13 sub to Q at i 0 count: 13
1406194485,DEBUG,1 msgs in Q
1406194532,INFO,Enabling IridiumMessageSender transmissions
1406194569,DEBUG,Sending Q index: 0 id: 13
1406230566,INFO,Max CNO changed from 48 to 44
1406231554,INFO,Send complete: Q index: 0 count_id 13
1406246352,INFO,Starting collection m: 391 t: 0 at 1649054191.20
1406265067,INFO,Submitting 19 byte / 150 bit SMC message: 
1406265112,DEBUG,m 14 sub to Q at i 0 count: 14
1406265135,DEBUG,1 msgs in Q
1406265303,DEBUG,Sending Q index: 0 id: 14
1406270531,INFO,Max CNO changed from 44 to 47
1406274283,INFO,Send complete: Q index: 0 count_id 14
1406317086,INFO,file size exceeded CB! size: 10000014 time: 0 newId: 60
